21
10 18
2 12
19 9
11 12
6 2
7 20
15 20
8 6
15 7
11 21
10 15
13 4
8 12
13 11
1 1
1 9
5 5
15 14
5 13
1 6
1 13
6 8
21 15
8 13
11 18
4 10
4 21
21 7
14 7
12 16
9 12
5 20
8 18
7 16
14 17
14 4
8 2
21 20
1 20
3 18
8 16
3 19
8 3
16 8
20 1
20 11
4 16
7 3
16 17
8 17
4 2
20 17
12 15
17 7
15 18
19 6
12 14
20 9
13 17
15 1
6 20
15 21
10 6
3 21
12 3
2 18
8 20
21 12
20 14
10 7
12 7
4 7
3 16
16 15
9 13
1 19
5 18
19 1
9 4
21 2
7 10
18 10
18 20
13 1
18 12
16 11
17 20
1 8
4 15
16 20
9 14
19 19
3 8
4 17
17 14
3 1
8 8
8 14
1 5
14 8
18 3
7 1
14 15
13 15
6 16
5 10
9 7
10 14
11 15
14 16
8 11
1 3
4 18
19 11
17 6
7 19
10 21
16 14
18 6
16 9
17 4
2 14
17 18
9 18
16 19
18 18
18 7
10 17
19 20
17 2
11 7
14 10
15 2
13 20
7 4
6 4
2 19
18 19
1 17
16 6
18 16
12 13
9 2
6 1
12 2
20 7
5 6
17 15
17 10
21 9
13 10
6 14
21 19
10 9
11 2
14 14
19 7
3 15
9 16
21 4
12 12
6 12
14 5
4 4
6 17
4 6
11 16
17 9
19 12
18 15
13 18
16 5
4 11
21 16
12 5
9 3
10 5
2 10
5 15
3 2
21 8
5 11
10 12
16 10
20 21
19 3
7 12
18 1
21 14
15 11
20 16
1 2
11 20
11 4
2 15
3 6
18 8
16 7
17 5
8 10
5 17
1 16
11 13
20 6
14 12
2 21
15 5
20 19
3 17
3 12
8 21
6 11
6 7
4 9
5 14
15 17
7 17
9 19
7 9
7 8
18 17
15 12
2 8
20 10
9 17
1 18
18 11
10 20
12 4
15 8
5 8
14 6
21 17
21 10
2 4
18 2
21 21
13 14
8 9
9 6
3 3
12 8
2 17
13 16
5 9
5 3
17 17
21 1
13 13
12 20
5 4
10 13
9 8
8 7
21 3
3 5
13 5
13 9
11 6
1 21
4 20
7 11
15 9
12 9
2 1
20 2
6 3
5 2
12 11
6 13
14 2
7 6
4 3
1 11
7 21
2 20
19 16
6 19
17 13
11 3
9 10
7 5
15 19
16 13
2 16
11 11
9 9
1 14
21 13
7 7
1 10
12 10
19 10
16 2
20 5
18 13
10 4
9 15
15 6
12 18
7 15
14 9
4 5
7 18
16 18
16 16
16 12
19 18
5 16
12 17
1 12
12 19
17 1
21 6
6 18
19 13
11 9
15 16
1 15
11 10
4 14
12 6
20 20
14 11
3 11
18 5
14 21
8 19
17 21
10 11
2 6
10 3
12 1
10 8
18 21
20 8
5 7
15 15
3 20
16 21
5 1
16 4
9 1
18 9
3 9
17 3
5 21
20 3
17 12
17 8
8 1
20 18
16 1
14 3
13 2
4 13
2 11
3 7
13 8
19 2
1 7
19 4
2 13
10 1
8 15
19 21
19 14
20 12
3 4
2 9
9 11
2 3
13 21
9 20
6 15
13 3
19 8
21 11
10 16
19 5
14 19
14 13
1 4
7 14
17 11
2 7
2 5
19 17
5 12
11 1
7 13
18 14
4 8
3 13
3 10
18 4
21 5
10 2
15 3
8 5
6 6
13 6
4 12
20 13
11 19
14 1
10 10
6 21
8 4
21 18
15 10
6 9
13 7
9 21
20 4
15 4
9 5
17 16
10 19
11 14
4 19
6 10
15 13
11 8
4 1
13 12
11 17
7 2
13 19
17 19
14 18
19 15
16 3
5 19
20 15
11 5
6 5
12 21
2 2
14 20
3 14
