31
1 1
14 19
2 2
13 11
3 3
6 21
4 4
18 4
5 5
8 26
6 6
3 28
7 7
11 13
8 8
30 4
9 9
31 29
10 10
5 15
11 11
2 4
12 12
17 22
13 13
29 16
14 14
21 18
15 15
13 31
16 16
22 10
17 17
19 31
18 18
30 24
19 19
21 16
20 20
8 29
21 21
29 10
22 22
5 20
23 23
16 11
24 24
18 12
25 25
25 29
26 26
13 4
27 27
25 6
28 28
7 4
29 29
12 22
30 30
29 31
31 31
20 17
15 3
30 18
27 10
20 25
19 30
27 13
16 31
15 29
14 24
8 10
12 23
15 22
9 2
24 6
20 24
4 8
15 25
5 6
17 1
19 7
23 14
15 31
7 30
5 31
27 28
20 27
25 19
30 22
22 1
28 16
28 13
9 22
17 25
15 1
20 18
10 15
28 27
9 13
16 10
11 3
28 18
23 26
19 15
13 23
23 28
29 5
8 11
23 25
20 31
5 30
10 2
8 22
18 20
9 16
7 6
8 18
8 14
22 3
30 3
27 17
9 15
1 14
19 14
18 24
13 6
26 14
25 20
5 29
1 25
28 6
1 21
2 31
8 27
15 2
23 3
18 5
31 28
1 7
21 20
15 5
15 14
29 14
11 15
1 15
12 4
29 28
16 14
14 22
27 21
29 27
21 11
26 25
16 3
24 5
7 17
21 9
23 29
12 31
22 16
30 6
22 11
4 19
13 17
30 1
4 21
14 2
6 1
3 4
13 22
5 22
15 27
7 13
24 8
10 18
13 5
8 25
12 7
7 12
28 31
10 7
26 30
18 7
29 17
20 19
6 30
14 1
31 17
26 13
1 4
11 26
12 18
8 20
11 28
6 15
20 28
3 17
25 13
8 28
10 26
1 19
1 17
9 25
24 4
9 12
24 1
3 21
12 14
11 20
9 18
23 9
7 3
10 30
9 10
27 29
13 25
18 29
5 25
1 13
26 7
16 5
25 1
25 5
1 30
30 19
19 26
8 23
15 23
8 2
25 12
8 12
28 12
20 2
18 1
15 19
22 25
13 27
29 19
13 10
31 19
11 31
28 2
30 29
22 4
1 11
17 12
24 15
24 31
10 17
27 9
12 20
5 14
17 26
20 12
23 20
8 1
15 13
15 11
15 20
7 8
30 15
29 20
18 9
16 27
30 21
19 24
18 21
23 24
24 25
23 30
31 24
22 8
5 1
26 29
8 21
23 21
26 2
31 23
16 13
16 19
25 7
12 27
6 3
13 30
8 4
7 1
9 11
4 29
29 18
31 1
29 9
10 31
11 8
13 14
20 14
2 24
16 30
25 24
27 2
23 13
16 20
2 14
3 22
25 8
16 29
10 4
12 13
31 27
20 6
25 4
7 22
23 22
3 19
1 18
4 3
12 24
8 17
17 30
22 26
13 7
19 13
17 14
19 9
3 14
21 2
2 13
29 3
25 16
14 4
3 9
2 5
26 19
4 1
10 22
19 18
19 29
29 12
15 10
21 31
31 18
27 30
26 6
23 5
30 31
28 24
13 19
23 1
3 20
27 22
8 13
26 12
29 8
6 18
7 20
22 6
22 5
12 16
10 11
21 12
5 13
24 19
3 27
18 10
25 22
14 3
14 31
30 23
3 1
17 2
2 30
6 23
29 6
28 3
12 3
15 6
15 12
1 26
29 1
31 13
27 8
9 4
19 16
10 27
28 15
25 2
10 20
21 27
7 5
6 8
11 6
18 8
17 7
17 15
12 25
6 28
2 25
14 11
14 20
6 10
11 29
20 23
12 30
21 28
4 12
18 19
2 17
12 5
16 7
30 2
19 11
7 25
26 8
13 21
19 23
8 9
30 10
28 29
29 30
28 19
27 3
5 11
5 23
22 9
31 14
31 4
16 25
5 17
24 23
21 22
31 26
23 12
10 13
3 24
15 7
1 6
19 21
5 8
16 23
12 10
27 5
2 7
11 25
23 19
7 16
29 23
28 1
18 23
17 10
26 9
6 31
23 17
17 9
13 16
13 15
16 9
11 22
27 12
17 18
6 22
24 11
31 2
25 26
4 6
29 11
26 24
3 25
20 29
20 8
1 29
5 16
15 28
2 16
15 26
30 11
27 31
22 20
28 17
9 14
10 1
14 27
29 26
16 22
12 21
30 16
31 16
22 28
22 17
3 10
3 11
3 16
19 28
17 6
12 15
3 12
14 28
6 25
24 20
24 17
25 9
30 7
2 1
12 28
1 10
8 30
2 27
24 30
17 16
20 26
6 16
2 6
21 1
26 10
12 9
12 26
15 24
5 21
2 22
28 7
2 3
17 3
19 6
20 30
11 7
23 8
7 9
1 27
6 4
13 26
17 24
23 11
7 14
6 12
20 16
11 4
26 20
31 20
30 9
1 8
14 16
24 14
9 1
4 26
24 3
21 7
28 4
5 19
28 14
20 7
19 20
23 15
4 9
18 31
6 2
7 21
31 30
26 27
27 7
10 14
25 30
13 3
31 21
15 17
14 12
3 23
3 2
25 27
28 8
6 7
29 22
19 27
23 4
17 20
11 14
26 22
7 31
10 28
27 16
30 20
24 26
7 26
9 24
25 28
22 23
18 14
4 31
31 8
26 1
10 19
11 27
20 3
24 29
4 16
14 30
26 28
23 10
8 24
1 16
18 15
24 9
28 11
21 10
4 22
12 6
11 30
2 23
28 5
22 30
9 3
2 9
16 24
7 18
5 27
21 4
5 9
21 8
13 8
1 22
13 28
26 21
14 5
20 9
9 29
26 3
29 15
28 30
18 17
20 21
16 8
2 12
17 31
27 11
19 17
4 11
31 6
13 2
27 19
25 23
9 8
30 13
13 20
28 22
20 1
12 19
28 25
9 27
16 21
21 29
26 11
28 23
14 15
24 28
9 21
2 11
2 29
7 29
29 2
2 18
24 10
23 7
17 11
7 23
26 4
3 8
16 15
5 10
5 24
3 15
20 5
29 21
1 12
4 17
1 23
18 16
21 6
23 16
2 8
6 13
8 6
2 10
25 15
22 18
14 10
5 18
13 12
30 17
10 21
14 13
17 29
15 4
17 4
5 2
14 7
31 15
14 25
16 6
23 6
11 16
4 30
10 3
5 4
25 10
6 27
6 17
22 19
4 15
22 24
9 26
4 2
12 11
11 24
29 7
27 20
18 6
12 2
21 24
8 7
4 24
3 30
28 26
17 27
6 11
22 31
4 18
9 23
6 14
18 26
15 9
31 25
31 10
7 24
24 2
17 28
6 19
13 24
27 14
14 9
21 15
10 5
21 23
17 13
16 28
17 8
30 8
18 25
21 5
12 1
31 9
8 3
6 24
29 13
3 29
22 12
20 22
5 7
27 4
15 18
25 21
9 5
6 9
22 13
1 9
28 10
2 20
7 28
24 27
4 14
24 13
18 2
27 1
20 11
15 16
4 13
6 20
23 31
30 28
14 23
7 15
18 22
29 25
23 27
25 31
11 1
18 30
3 13
27 24
10 12
4 7
26 18
4 27
29 4
27 25
25 11
8 31
21 14
18 28
6 26
6 5
11 23
10 16
8 5
27 23
10 9
14 18
4 25
1 31
7 10
22 21
7 27
31 12
24 18
13 18
1 5
10 29
27 6
10 6
21 17
14 6
14 21
30 27
15 30
9 31
16 2
6 29
3 18
3 7
18 27
2 15
31 11
12 17
25 14
31 22
9 20
16 17
16 1
20 13
4 5
5 26
11 18
30 5
31 3
15 8
14 8
21 3
28 9
4 23
19 12
9 17
4 28
8 15
7 2
19 4
14 29
14 17
13 29
24 12
5 28
19 5
17 23
3 5
22 14
24 21
11 10
21 30
3 6
24 16
9 6
9 28
15 21
22 2
19 25
19 3
23 18
30 26
11 19
25 3
3 31
9 30
16 12
10 24
2 28
8 16
17 5
4 10
27 26
5 3
1 24
8 19
19 8
3 26
19 22
30 25
13 9
9 19
2 26
22 29
28 21
16 26
11 2
24 22
21 19
1 2
10 8
25 17
26 23
11 9
12 8
26 17
26 16
26 31
7 19
18 13
11 17
22 27
17 19
11 21
26 15
19 2
23 2
9 7
20 15
31 7
4 20
1 3
28 20
31 5
20 4
7 11
11 5
20 10
21 13
11 12
2 21
29 24
10 25
27 18
30 14
16 18
13 1
26 5
18 3
25 18
27 15
18 11
21 26
1 28
19 1
21 25
17 21
10 23
5 12
30 12
16 4
14 26
24 7
12 29
22 15
2 19
22 7
19 10
1 20
