81
19 66
31 1
4 50
31 2
36 24
31 3
57 50
31 4
21 64
31 5
54 58
31 6
56 20
31 7
40 53
31 8
40 51
31 9
74 11
31 10
39 16
31 11
17 38
31 12
67 73
31 13
71 41
31 14
10 32
31 15
14 18
31 16
60 24
31 17
36 74
31 18
9 57
31 19
9 46
31 20
35 16
31 21
6 10
31 22
3 79
31 23
5 51
31 24
64 14
31 25
3 77
31 26
21 30
31 27
50 42
31 28
38 56
31 29
55 79
31 30
55 81
31 31
24 69
31 32
1 81
31 33
64 17
31 34
1 27
31 35
60 38
31 36
57 65
31 37
13 57
31 38
76 72
31 39
9 5
31 40
65 42
31 41
52 55
31 42
47 66
31 43
12 3
31 44
37 6
31 45
68 50
31 46
17 31
31 47
36 54
31 48
12 29
31 49
70 36
31 50
81 49
31 51
24 25
31 52
68 51
31 53
54 6
31 54
36 14
31 55
46 38
31 56
54 48
31 57
19 55
31 58
72 24
31 59
32 64
31 60
60 77
31 61
17 63
31 62
61 74
31 63
43 40
31 64
57 44
31 65
22 73
31 66
59 33
31 67
59 70
31 68
2 68
31 69
77 39
31 70
17 58
31 71
64 25
31 72
19 4
31 73
17 50
31 74
18 36
31 75
73 78
31 76
47 63
31 77
9 10
31 78
19 7
31 79
43 16
31 80
61 11
31 81
10 11
76 52
56 69
54 19
65 2
38 21
78 41
42 48
51 59
15 55
50 60
38 54
69 16
70 22
24 70
70 13
62 73
66 77
33 60
77 80
67 29
36 11
22 7
8 14
27 77
77 71
37 54
55 60
58 55
51 32
42 75
29 13
72 31
39 18
48 77
63 45
44 65
58 78
16 1
41 37
3 45
70 17
42 17
23 55
67 17
2 48
40 18
60 71
46 6
34 25
57 8
13 9
3 34
29 47
29 21
67 67
9 15
54 66
63 52
74 51
80 11
55 54
45 31
34 73
43 54
65 54
66 33
14 24
10 8
37 72
27 42
45 73
7 64
72 29
24 55
78 45
44 15
27 63
42 9
9 3
50 1
55 41
35 34
3 19
33 50
67 52
8 77
23 32
72 33
43 28
2 21
48 73
62 8
15 60
21 74
65 50
18 30
22 71
70 29
48 2
65 36
38 47
63 70
66 6
23 43
58 30
81 12
8 24
73 51
76 5
32 15
52 30
33 14
53 75
24 62
67 14
72 70
2 6
61 48
51 55
26 62
2 50
57 24
78 34
1 1
39 28
53 5
49 47
28 55
80 9
57 79
73 55
11 39
49 81
49 4
25 67
65 76
63 20
15 23
81 24
55 66
48 30
65 17
30 44
64 49
35 72
72 69
52 59
35 73
38 11
61 5
28 22
14 45
6 52
3 65
1 62
1 13
43 17
60 76
49 58
35 30
69 20
33 69
78 16
39 31
78 35
51 17
61 81
44 42
4 72
9 59
67 63
45 70
33 34
23 42
7 80
76 46
73 36
8 30
28 9
5 27
46 72
18 60
70 46
4 78
72 14
4 64
8 33
35 59
33 4
28 47
24 67
47 75
9 39
38 55
50 24
76 47
24 11
30 9
41 26
48 70
81 46
29 10
54 55
47 67
59 27
47 59
49 28
8 50
11 35
30 40
60 16
41 80
18 3
26 35
16 25
66 37
11 19
65 51
78 63
17 35
6 28
71 68
8 36
44 35
44 26
69 78
55 1
41 43
81 8
80 26
64 42
64 26
53 29
57 1
80 16
72 64
81 53
32 41
1 47
65 8
6 56
11 49
22 81
37 80
69 74
13 54
73 5
74 68
4 35
48 69
26 28
72 38
10 62
11 76
46 16
26 49
44 70
58 72
71 75
27 79
10 39
52 20
42 74
56 81
42 54
47 34
68 9
35 1
9 62
5 67
37 73
63 29
62 19
39 60
70 15
40 7
5 43
43 71
29 2
25 73
79 28
32 43
6 67
46 55
75 59
4 26
51 24
33 21
69 56
28 80
7 71
57 74
68 5
59 45
66 68
7 72
60 45
27 30
58 14
51 36
52 18
81 35
64 41
34 4
76 50
79 60
62 79
39 52
16 81
3 7
75 77
30 57
41 64
60 26
68 42
63 50
37 45
15 9
44 52
77 56
71 33
6 42
73 65
30 5
81 6
68 12
75 11
2 65
20 27
2 25
54 10
48 24
4 17
60 49
58 52
74 35
10 52
61 7
43 65
51 46
28 17
39 67
55 49
75 4
67 56
16 53
56 36
55 65
25 25
77 54
40 62
18 75
62 26
72 53
48 45
80 68
26 5
15 47
29 42
21 53
18 69
11 67
41 24
35 53
23 34
69 51
65 18
54 63
80 27
26 71
63 18
67 41
36 51
76 62
24 48
46 48
12 12
64 16
44 25
69 30
80 47
1 51
20 73
36 3
1 17
58 4
71 80
39 29
66 81
46 46
48 41
66 17
67 19
12 79
8 65
50 32
12 65
51 30
59 46
24 22
15 79
45 2
17 64
35 50
62 46
58 36
36 66
51 48
81 80
67 43
34 54
54 60
25 48
6 27
77 64
20 15
42 72
58 40
10 7
76 69
15 3
7 60
43 57
2 3
23 77
63 2
79 9
13 31
46 47
47 42
73 46
24 16
22 38
72 23
26 80
76 38
30 81
18 39
25 47
35 7
58 73
35 68
24 59
73 28
34 26
19 49
74 6
21 18
33 42
42 62
69 10
44 45
1 2
57 20
52 24
73 32
26 29
55 75
49 23
40 39
59 74
52 7
44 67
32 3
45 17
41 3
51 64
40 28
30 11
42 69
54 53
21 11
42 23
64 9
41 10
19 73
4 9
10 46
77 72
11 60
14 60
32 54
33 55
12 57
58 29
14 16
52 68
5 33
58 34
43 5
13 7
42 2
25 14
62 6
80 24
21 8
11 66
38 26
54 70
76 41
44 64
76 14
3 80
27 64
16 71
36 47
8 40
28 60
71 10
56 30
76 45
51 44
28 5
10 66
39 65
29 50
72 63
70 75
50 7
47 4
36 78
1 64
12 19
22 68
11 17
18 37
36 50
5 76
77 75
53 38
60 59
7 7
57 19
38 7
60 66
15 58
8 71
14 42
70 30
68 21
70 43
80 74
78 22
27 50
41 41
9 71
42 44
36 27
75 27
29 7
71 53
54 7
19 11
71 2
6 48
75 32
37 36
74 39
53 72
21 61
64 60
54 54
63 54
34 5
65 25
15 30
16 55
53 58
10 29
53 54
47 16
66 14
68 75
58 62
4 13
76 40
78 18
43 37
14 68
32 62
61 50
48 27
59 18
10 9
76 8
3 3
51 76
69 4
22 24
6 7
26 15
33 41
27 37
60 43
57 71
40 15
46 10
71 20
29 17
75 69
47 71
81 3
9 40
64 54
11 46
42 57
81 71
7 31
6 5
28 49
33 38
15 68
24 4
48 12
51 42
25 16
12 9
46 35
10 41
11 30
20 41
48 3
71 50
26 36
46 59
54 76
16 63
54 52
19 42
9 67
38 60
41 75
74 74
13 55
3 25
78 46
14 41
5 80
15 42
16 40
11 36
15 49
34 44
42 22
79 27
35 22
24 47
80 32
6 12
51 54
37 40
35 44
33 28
17 43
35 33
75 24
58 5
65 55
20 43
75 2
41 54
10 76
9 63
61 41
52 49
38 46
69 79
26 51
14 6
13 21
7 30
1 4
76 10
69 69
38 9
47 74
68 68
44 62
23 10
28 52
45 7
80 17
2 36
20 74
46 7
71 12
38 72
75 30
64 61
81 14
23 54
14 26
46 78
60 56
47 62
10 77
78 9
44 51
64 34
2 35
60 61
80 7
71 32
73 74
13 51
42 27
35 81
64 62
35 67
39 70
22 53
7 75
22 14
58 32
62 45
49 16
71 71
73 14
2 66
45 45
73 62
81 36
29 64
20 24
10 57
76 31
16 50
2 24
29 20
48 35
71 21
24 15
69 21
68 8
18 2
5 25
61 47
72 2
60 32
80 42
39 25
41 61
71 46
69 71
77 69
51 19
24 27
74 59
24 37
24 24
63 11
49 26
72 39
60 80
8 45
5 46
81 69
55 16
40 29
81 4
42 25
59 28
58 77
7 47
76 80
71 28
70 33
43 75
45 76
34 19
81 68
51 5
39 38
74 27
56 17
26 68
25 20
23 62
51 62
64 8
23 59
65 56
32 60
23 38
37 1
57 55
9 17
2 11
68 24
61 4
58 63
47 38
53 14
40 70
49 44
1 49
3 42
35 27
63 67
19 76
76 24
44 18
64 74
79 21
74 19
32 57
1 77
78 11
66 59
55 23
55 17
24 26
27 38
63 62
46 29
46 44
62 64
55 20
19 63
30 39
40 32
59 77
25 32
38 76
6 73
25 40
72 61
69 62
49 41
25 61
68 48
13 72
80 4
33 65
81 34
72 34
21 25
80 10
60 69
78 75
78 73
19 48
77 52
23 74
48 47
49 35
52 34
32 58
43 21
69 81
57 42
71 18
38 59
33 63
69 26
42 6
11 47
45 79
38 45
3 23
75 50
80 65
40 31
39 13
44 37
71 9
75 43
80 22
50 68
11 73
81 54
81 26
55 62
38 77
61 79
60 63
3 53
46 2
74 44
40 81
76 79
38 10
65 53
27 70
57 41
12 18
70 2
81 40
61 58
58 70
14 49
66 50
8 39
19 2
72 19
30 66
79 26
21 73
64 79
43 48
43 4
24 52
60 9
75 10
58 28
29 48
52 15
66 66
40 27
51 51
45 80
72 71
23 64
53 4
32 55
2 74
12 35
71 70
22 13
6 3
79 48
9 58
66 72
19 29
79 10
65 35
11 45
18 42
43 80
53 69
72 46
21 49
75 35
2 17
51 22
65 33
58 75
8 76
20 37
26 11
28 63
78 2
81 37
54 44
76 48
24 44
40 42
57 63
7 58
19 71
58 81
9 25
47 40
44 38
70 21
32 75
29 28
33 22
59 69
70 18
8 1
79 68
53 35
65 52
44 5
46 14
20 2
18 16
49 20
17 26
55 15
47 19
35 62
22 37
60 44
5 59
30 24
42 18
23 50
28 78
29 80
73 45
15 34
6 66
44 28
61 76
26 57
18 6
19 36
3 62
17 17
67 6
5 4
56 11
25 69
18 53
79 4
62 34
75 17
57 67
80 73
19 46
27 17
73 67
63 25
6 38
47 36
79 7
24 73
6 11
48 66
56 77
30 74
9 29
12 8
42 41
6 23
49 5
10 63
8 73
55 25
70 73
11 9
5 3
26 22
4 37
81 66
57 32
6 32
29 41
14 28
6 63
63 66
71 54
1 48
61 35
29 24
16 75
74 64
25 70
73 34
76 51
79 37
69 72
2 63
58 41
52 69
38 79
67 23
13 47
55 71
51 41
37 27
10 51
49 12
13 10
20 40
73 31
71 55
32 30
56 41
51 7
32 36
66 1
66 55
32 22
23 40
54 50
32 9
76 74
63 75
58 39
79 8
66 49
28 37
68 57
64 48
39 62
22 49
71 52
45 23
80 19
47 27
59 64
52 78
5 14
36 32
63 35
40 6
67 39
8 7
60 19
69 27
42 46
50 50
15 18
46 58
81 81
81 76
4 24
2 51
70 68
25 75
39 81
38 39
19 38
59 17
69 23
37 17
39 10
81 42
25 58
51 39
16 3
76 17
36 48
22 62
48 54
39 41
70 4
63 31
55 45
12 61
20 72
25 79
59 39
40 36
8 25
24 30
62 13
3 43
55 52
80 30
18 68
19 57
22 12
16 7
11 3
63 26
14 8
45 30
37 23
48 39
76 19
71 48
42 77
10 54
30 37
18 73
54 72
73 4
78 57
6 59
54 28
11 20
77 51
66 75
81 2
26 10
67 37
6 1
67 38
6 80
71 47
53 39
46 24
26 7
23 37
69 31
39 77
45 35
65 24
10 49
15 41
3 20
70 72
46 65
11 28
74 58
69 13
29 22
12 64
43 41
74 52
40 45
4 79
62 67
24 43
67 24
33 5
61 40
55 59
55 67
13 59
58 50
40 46
29 35
65 48
33 56
54 29
51 10
16 38
63 73
15 67
75 20
60 79
38 18
18 11
13 24
74 8
32 1
67 68
55 32
22 59
54 61
49 72
11 41
15 27
36 70
19 6
50 78
3 46
9 65
43 61
5 9
13 80
10 56
22 9
62 57
2 59
14 63
78 69
35 51
40 76
26 45
43 49
49 56
22 30
40 5
48 37
50 11
14 73
70 60
38 4
17 33
32 81
22 72
7 57
47 33
56 39
62 62
53 1
47 24
63 17
44 50
10 70
79 1
59 37
48 81
61 59
75 74
16 49
1 3
14 80
44 12
42 38
65 67
65 68
8 5
53 51
36 8
16 33
33 76
44 31
70 52
35 26
34 62
12 14
32 2
68 35
67 28
19 25
55 43
54 38
72 47
44 57
28 79
71 30
72 66
9 11
41 62
12 49
76 43
70 1
65 71
8 23
30 53
38 22
59 16
14 12
21 77
21 65
32 77
36 46
53 16
3 48
18 50
46 43
64 67
34 79
60 14
68 40
63 53
70 64
24 6
48 52
30 55
54 80
52 51
23 28
41 19
23 27
67 13
21 59
32 12
41 68
67 49
33 12
11 65
60 51
19 78
6 17
38 13
35 49
18 79
38 17
27 58
49 13
40 67
73 71
40 1
33 18
44 60
62 56
25 46
4 4
77 34
44 27
6 41
63 80
28 54
10 61
37 35
57 5
33 23
6 71
23 12
10 36
67 4
47 79
73 29
22 4
24 57
71 43
40 24
63 69
81 9
22 20
32 18
72 60
24 5
56 67
74 25
67 3
29 49
39 54
68 32
74 56
23 19
10 53
51 23
24 66
79 17
59 41
67 42
2 73
39 23
48 29
44 81
25 33
68 77
54 27
47 12
79 57
17 73
34 14
73 19
50 72
47 14
77 30
68 72
36 81
29 61
79 65
11 53
10 30
44 17
61 71
27 26
64 45
11 52
59 59
58 61
59 63
45 37
42 80
22 78
78 26
73 27
5 17
33 3
7 70
36 77
76 12
78 24
29 34
17 70
69 59
63 12
19 35
4 32
53 25
70 65
63 36
79 61
65 6
40 33
72 52
50 47
79 11
53 77
68 19
76 7
11 50
47 1
30 70
7 39
13 48
13 34
26 67
39 59
2 5
2 41
17 5
64 3
57 22
69 29
11 74
64 78
48 40
35 45
39 6
75 5
73 57
35 36
13 16
43 2
34 36
41 34
8 26
64 32
19 52
41 20
53 7
24 34
61 36
58 47
72 40
5 69
10 6
72 13
34 43
12 42
61 66
72 58
29 53
34 55
52 11
1 71
28 65
27 57
47 64
29 62
56 33
32 67
62 59
53 60
25 21
45 58
5 79
72 4
26 31
55 48
32 61
6 18
7 74
51 47
75 66
79 33
60 67
58 33
54 51
12 46
20 1
21 48
74 14
15 28
1 25
78 39
12 40
42 73
15 14
75 51
50 53
39 11
14 40
78 77
23 39
45 52
5 41
3 35
37 50
16 65
45 27
18 9
59 29
30 22
59 44
20 30
11 51
70 27
23 46
74 57
47 68
53 52
62 29
72 72
3 40
67 48
15 46
21 47
50 64
12 21
2 77
32 39
20 67
51 18
12 81
55 35
19 79
62 65
57 12
72 57
72 76
14 37
78 1
8 64
17 42
52 36
46 70
68 71
27 36
13 44
69 75
15 29
15 24
50 29
8 43
63 40
44 77
14 29
56 62
63 41
53 34
63 9
43 31
21 46
48 16
29 57
44 4
14 11
47 9
19 59
16 36
49 65
46 50
20 42
12 30
69 8
65 64
37 39
29 16
63 39
75 21
64 50
46 64
14 43
72 26
8 46
62 15
56 8
23 35
21 21
73 58
59 52
56 71
48 49
74 72
64 22
4 57
2 26
81 78
42 32
47 7
7 73
30 18
59 5
39 46
34 58
65 45
7 65
69 48
48 38
29 29
50 4
58 53
44 19
75 34
72 20
56 18
30 48
71 1
44 79
74 36
39 49
59 71
18 15
2 42
68 37
68 58
42 1
61 6
42 43
57 56
56 68
3 33
52 67
78 61
7 32
66 5
16 70
29 38
8 4
50 71
70 16
26 46
60 64
6 20
62 81
24 36
36 26
27 54
34 29
54 14
13 6
17 67
24 81
64 2
44 1
33 10
79 22
61 24
70 53
9 77
71 74
7 55
34 3
24 71
53 55
41 35
59 25
48 72
9 30
13 68
29 73
62 47
39 32
58 42
73 16
50 39
47 2
63 55
41 44
75 79
33 57
72 49
58 6
53 73
77 74
77 32
50 19
20 32
40 9
69 63
29 58
41 11
23 45
27 61
22 36
3 32
7 16
65 80
55 14
9 22
37 16
10 42
33 53
74 50
29 39
61 60
50 80
58 68
45 29
81 61
35 11
59 56
8 63
47 17
16 42
69 53
66 70
41 32
35 70
80 2
29 55
41 47
25 57
41 17
47 44
3 52
18 57
41 2
43 14
6 14
19 1
40 54
52 64
16 76
20 12
59 38
63 47
16 78
3 37
56 35
65 16
18 51
45 77
35 74
70 39
41 70
41 33
34 70
1 73
59 75
17 51
48 76
20 66
11 25
22 51
60 50
64 5
47 76
77 15
4 75
15 11
42 45
56 48
28 18
25 15
72 54
27 45
49 14
47 53
53 13
69 32
5 36
70 26
57 59
60 58
60 7
13 32
57 10
62 78
80 62
50 66
61 49
60 37
76 76
10 72
26 79
77 73
68 53
71 79
76 22
43 1
49 30
23 21
64 66
48 63
44 47
1 66
16 27
65 23
49 24
49 34
60 23
70 47
20 61
14 66
36 69
27 16
36 7
6 74
14 3
71 64
69 17
70 62
37 7
10 21
39 30
49 62
36 53
14 72
15 81
9 28
4 48
30 32
37 33
54 43
23 18
52 45
22 19
74 60
75 64
13 20
40 74
1 56
52 1
24 28
61 13
27 23
75 67
55 28
3 75
63 46
1 29
70 11
7 29
6 6
16 68
28 73
5 35
60 27
40 11
17 23
37 67
30 47
33 29
40 60
7 20
65 3
34 45
47 39
50 14
49 71
20 8
25 19
65 34
21 28
1 41
71 23
40 77
8 58
11 80
52 74
79 38
30 56
35 23
50 30
74 79
17 75
53 46
38 63
32 66
45 51
54 22
81 79
36 22
78 30
30 64
40 12
26 13
56 23
3 47
79 79
75 72
51 69
18 41
61 15
50 73
64 81
15 1
30 4
46 28
22 16
3 57
76 29
55 42
44 36
80 39
76 1
12 28
17 81
16 31
53 36
61 39
9 49
39 78
63 10
51 29
35 78
40 8
34 51
42 37
49 31
79 12
69 73
8 78
80 15
55 37
43 38
33 36
3 31
11 26
46 75
50 61
18 59
72 80
24 77
7 35
8 52
48 48
25 10
37 55
67 57
38 14
39 64
57 43
6 47
53 61
9 74
28 2
61 22
25 31
47 56
20 65
5 13
13 60
78 33
29 27
11 72
58 27
4 38
38 27
77 46
34 76
81 51
46 25
30 26
15 78
14 76
30 43
39 56
34 42
80 36
6 70
77 59
58 23
8 20
23 5
69 49
3 69
43 51
61 21
70 45
54 20
68 14
70 23
14 57
68 62
36 44
78 15
56 38
18 81
15 6
22 66
2 69
68 47
60 42
38 28
59 24
20 5
69 57
38 73
16 79
43 10
80 18
13 66
56 46
5 64
81 45
40 4
59 53
5 56
10 3
68 52
66 63
19 64
68 43
74 10
70 31
38 53
55 73
52 12
17 47
2 33
7 34
25 37
40 21
55 9
18 24
16 10
23 7
21 52
29 76
14 67
2 67
46 67
5 60
47 35
59 51
47 21
71 29
4 55
68 2
6 57
3 11
60 39
33 67
47 73
78 52
64 46
9 41
11 6
54 17
41 60
7 44
1 26
74 69
58 37
4 21
16 9
32 26
77 35
39 39
32 45
34 16
23 15
79 67
57 66
68 33
41 6
22 32
39 22
44 32
80 60
65 27
45 39
37 58
14 50
17 11
52 9
50 28
28 45
21 78
75 58
13 56
44 59
73 77
42 3
28 42
26 59
27 19
37 21
65 28
44 66
71 35
18 17
63 51
79 29
25 63
5 78
20 21
60 18
42 15
32 5
55 4
49 36
16 35
19 80
77 28
44 22
6 68
25 53
40 55
27 46
72 6
79 13
4 61
24 78
50 17
6 8
23 1
15 13
57 9
52 37
81 62
78 28
23 79
66 7
58 71
28 41
10 1
80 59
43 74
52 3
57 29
5 53
35 32
53 3
24 76
1 44
34 24
49 51
27 7
7 56
30 21
53 67
49 53
53 47
30 50
79 18
10 48
57 36
33 45
75 9
30 2
26 47
64 38
23 17
41 53
17 66
25 29
5 73
76 56
67 16
55 31
40 38
2 57
27 11
25 24
65 79
26 81
72 5
42 33
78 37
3 28
57 53
3 74
15 16
26 32
73 30
35 79
34 57
54 46
21 37
1 35
54 40
55 19
26 20
48 80
22 44
5 10
59 55
48 33
13 30
44 43
18 14
62 54
20 45
2 18
67 81
34 49
59 1
42 14
35 43
1 78
29 79
32 68
56 3
19 19
35 57
14 35
25 6
76 25
47 8
81 48
17 34
24 46
42 19
14 27
39 19
74 1
59 19
13 19
43 13
19 77
12 11
32 10
14 51
58 21
35 75
73 73
71 39
36 31
16 60
66 61
73 10
81 39
35 17
16 11
41 59
70 5
68 80
23 80
4 44
10 68
40 80
47 57
69 1
63 4
69 35
49 25
17 53
46 13
21 40
12 41
40 14
22 40
79 36
20 50
36 36
52 14
13 29
64 21
38 5
37 22
61 19
11 69
66 79
28 16
35 13
1 11
61 33
80 40
29 51
40 59
51 40
6 50
23 68
38 64
16 80
44 71
73 37
58 44
70 32
57 38
66 34
36 43
7 38
60 28
68 18
16 23
4 52
40 10
53 23
44 6
58 24
55 69
15 48
34 59
19 81
67 12
58 80
13 73
27 74
61 34
1 67
23 44
42 66
68 56
51 68
72 68
74 37
81 59
65 1
16 69
14 61
55 30
13 4
80 29
11 57
10 59
10 18
32 34
34 48
48 22
56 27
52 26
1 75
72 16
52 81
22 56
37 37
8 17
17 7
56 13
41 72
21 81
77 9
57 48
34 12
77 22
10 26
28 34
36 41
80 31
76 16
13 13
54 36
33 33
78 58
80 43
63 22
53 31
73 25
43 24
66 74
72 41
50 34
38 3
20 28
61 62
32 73
40 73
67 78
41 9
25 71
59 72
25 35
75 68
48 6
70 19
55 78
13 25
48 57
37 25
79 40
57 78
43 73
20 55
23 41
39 73
72 36
76 37
46 31
56 10
57 73
37 3
28 75
2 29
69 43
18 40
9 80
20 57
35 48
27 21
57 28
37 19
52 63
73 40
35 37
8 59
76 73
20 80
45 42
63 15
17 57
63 65
76 32
37 63
53 26
65 38
45 5
69 9
20 26
38 57
2 45
12 27
69 24
66 25
13 12
50 76
47 18
81 50
44 14
50 43
66 16
43 46
4 39
50 67
52 72
53 44
74 12
2 20
44 80
73 47
78 38
74 78
53 12
23 48
49 17
44 11
58 13
47 46
64 1
47 78
12 48
28 66
71 49
68 44
34 69
40 71
1 42
76 75
45 16
81 56
74 13
69 3
22 2
37 32
55 58
14 13
57 6
49 43
37 77
74 2
52 47
14 23
20 29
39 27
36 29
62 2
33 72
37 79
50 79
36 4
44 68
11 10
63 42
45 40
32 11
10 65
55 50
41 51
39 17
50 51
81 38
33 40
18 32
37 18
2 14
34 47
1 55
69 65
2 9
41 58
48 1
19 75
46 69
28 13
17 72
45 44
12 58
1 65
28 64
56 59
53 43
7 81
14 39
66 21
73 24
7 42
64 57
43 70
42 70
2 71
54 23
14 22
37 47
56 40
53 24
35 29
52 48
22 10
53 48
48 74
19 54
44 53
25 43
80 34
81 16
37 76
78 79
62 42
43 19
21 32
67 7
52 39
16 64
23 78
35 18
55 3
45 4
76 58
42 40
76 44
60 2
27 41
62 24
12 75
22 34
11 34
77 53
44 48
44 56
21 19
74 76
23 60
19 27
26 30
70 80
30 20
34 75
35 64
21 45
76 67
45 19
58 38
81 65
22 11
58 48
19 17
62 66
62 3
43 23
13 23
75 70
15 21
17 32
64 52
1 36
75 62
1 15
16 18
59 4
69 39
13 15
68 66
49 11
8 22
70 69
9 54
45 36
78 32
13 41
76 49
72 51
47 60
11 31
12 31
27 3
76 35
47 43
78 4
72 43
5 70
47 52
41 5
49 38
34 34
8 48
26 55
52 6
68 64
18 27
50 31
28 26
10 78
19 74
46 76
57 39
2 13
25 7
53 28
75 7
22 61
6 43
5 62
68 29
69 25
62 60
65 40
51 61
10 58
63 3
49 27
75 14
46 77
37 20
69 61
32 23
64 43
59 14
66 31
63 74
75 75
32 47
71 78
34 78
47 10
80 3
34 1
42 51
65 74
1 40
71 45
37 53
51 73
3 51
22 55
17 80
5 12
15 40
26 19
73 66
51 3
76 6
10 75
47 54
37 78
20 76
9 73
12 4
74 61
26 2
55 24
45 49
13 65
63 21
58 20
5 72
69 58
61 61
56 72
56 15
1 52
81 22
11 27
25 8
22 21
37 60
16 43
25 49
9 26
30 52
8 35
38 20
13 22
12 32
46 34
76 21
27 24
19 22
10 64
50 3
71 6
32 46
11 33
50 10
21 26
9 9
21 12
25 28
42 36
7 61
36 18
59 20
62 14
59 57
33 52
27 28
38 81
60 36
43 9
76 64
16 30
6 21
37 29
6 33
14 71
75 26
14 9
13 61
39 53
6 31
48 7
46 20
35 80
77 18
18 47
10 2
64 72
22 15
59 61
1 8
29 63
41 38
42 79
40 3
47 15
25 66
30 75
49 60
36 80
65 49
35 38
51 26
39 9
29 69
32 38
39 7
17 27
54 71
18 56
78 48
26 21
13 74
17 76
49 77
41 66
27 62
7 1
7 26
2 46
28 32
24 35
75 81
75 36
77 27
34 28
22 80
34 64
11 79
47 29
58 54
27 55
68 13
60 29
23 53
37 57
11 37
61 10
49 9
56 79
56 28
6 60
60 65
62 27
20 4
53 32
7 40
27 65
38 67
3 59
16 21
23 26
49 79
50 70
48 32
9 37
1 32
77 77
12 67
71 31
20 54
35 15
11 71
23 29
81 67
6 4
73 8
51 31
40 66
69 45
46 53
63 68
25 36
52 73
72 28
60 10
51 38
37 49
12 24
75 1
39 35
80 53
10 60
30 72
43 8
43 66
45 64
45 48
71 25
74 31
36 79
11 54
5 26
69 2
70 25
51 75
18 33
1 74
49 22
49 55
13 75
80 33
24 64
28 50
63 81
26 38
64 53
51 37
27 49
61 37
34 66
64 37
37 65
45 50
12 63
63 61
32 59
42 31
35 47
6 36
51 34
11 29
28 62
62 52
6 25
11 18
65 11
44 74
56 19
22 54
42 7
27 33
48 34
67 10
54 32
66 42
11 32
3 15
78 5
24 38
29 11
68 28
55 53
72 65
77 16
51 52
68 65
21 27
65 63
55 76
74 28
34 23
64 6
14 1
45 8
8 53
68 63
64 56
11 56
32 63
59 58
66 56
77 58
4 81
51 35
65 30
4 12
23 76
51 20
59 66
2 7
43 63
20 47
15 15
67 9
24 56
55 72
19 16
6 77
29 65
80 21
48 23
4 8
37 5
64 19
21 66
35 46
61 70
13 26
17 13
41 79
33 68
53 20
60 72
25 81
70 56
58 8
30 13
34 56
60 62
48 67
52 32
36 6
81 73
81 74
71 63
67 79
5 44
54 30
50 46
64 63
54 64
16 54
42 42
57 80
15 59
80 76
80 50
24 63
15 43
21 54
21 55
10 43
81 18
61 30
53 53
26 74
70 63
61 31
51 78
39 8
4 36
53 30
6 58
37 56
23 3
29 30
40 63
3 67
65 75
10 20
46 5
27 60
46 62
22 60
69 36
40 56
46 81
49 75
18 80
68 81
76 65
12 7
43 78
70 28
63 14
18 19
80 51
2 47
52 79
42 64
76 60
8 54
53 6
19 47
4 14
53 76
65 77
15 73
1 18
27 52
38 78
12 25
32 80
14 47
29 78
62 17
25 30
28 43
59 67
73 3
78 36
45 74
36 61
71 67
78 71
72 35
65 32
42 12
74 30
61 51
20 18
72 67
54 25
77 19
11 11
53 17
62 36
79 42
61 26
13 62
71 58
47 13
20 36
10 10
50 9
63 57
20 25
74 26
45 78
30 35
33 64
56 6
77 12
1 33
5 32
24 20
73 9
19 69
11 13
23 13
9 45
4 41
47 72
3 6
40 65
15 2
10 27
60 41
79 49
2 34
46 54
40 37
62 70
49 15
52 31
25 5
58 10
9 1
26 40
17 10
23 81
67 62
67 71
62 53
20 51
79 45
7 24
62 23
48 19
30 28
44 29
75 28
49 8
53 21
77 63
30 30
52 75
53 79
18 46
14 17
9 31
78 20
29 74
74 62
1 5
50 22
76 23
66 4
35 10
76 66
81 15
10 25
12 17
69 64
65 14
46 12
53 2
40 25
53 40
65 21
53 81
30 25
46 39
70 49
23 49
81 44
26 58
18 55
28 44
15 66
78 44
54 18
62 21
74 47
5 66
15 10
61 73
18 54
67 25
51 53
64 58
32 53
34 17
38 49
45 38
12 50
70 76
42 71
15 63
67 61
35 28
23 65
53 49
16 37
29 19
22 29
76 20
8 34
19 62
21 71
17 3
52 38
72 10
70 66
60 15
8 62
33 71
54 26
75 3
45 12
39 55
65 43
25 80
12 74
17 2
78 21
77 33
20 78
32 72
14 62
5 65
77 13
44 24
80 61
8 11
10 14
39 40
62 74
22 43
37 38
35 63
13 69
7 22
78 3
5 5
77 17
77 66
39 15
66 65
54 33
50 38
56 54
16 57
66 53
35 66
28 23
77 6
75 19
73 2
43 20
7 63
15 62
38 51
79 24
55 13
76 77
64 4
6 78
19 32
51 13
40 16
59 50
30 45
55 36
69 52
16 24
26 78
52 77
78 51
8 51
6 13
29 75
4 54
17 8
24 10
74 40
57 15
26 56
2 4
21 62
40 2
81 31
69 47
22 77
68 30
46 40
11 1
6 19
73 12
67 22
38 25
73 54
55 10
43 27
65 31
44 49
43 15
38 62
38 80
41 65
27 47
34 53
62 69
74 49
67 35
70 78
36 5
76 27
25 3
48 55
29 40
49 7
19 60
77 40
38 31
55 29
22 63
80 1
8 29
70 20
75 53
59 47
79 30
2 76
12 13
20 46
26 77
61 42
10 67
62 20
63 77
77 47
36 73
49 33
15 52
72 8
40 57
54 12
5 55
48 56
19 45
19 31
67 5
66 27
39 33
28 35
47 80
1 76
58 12
41 49
16 51
24 74
30 1
28 21
10 4
52 23
7 2
72 11
80 14
33 37
72 3
44 61
24 39
71 24
36 15
78 65
25 1
48 4
8 67
19 30
20 38
20 69
64 77
34 81
15 65
9 55
35 6
7 79
64 29
66 12
47 55
3 38
68 20
5 19
64 65
81 11
18 10
3 56
49 1
57 21
20 39
26 24
64 18
60 34
22 8
60 13
14 21
42 5
81 41
18 49
17 46
26 75
12 22
56 2
2 60
70 70
35 19
61 80
56 1
43 68
1 9
76 54
17 4
18 38
33 81
49 70
34 8
18 7
73 21
62 16
62 76
76 2
62 38
76 55
67 27
32 78
13 14
21 24
12 39
5 18
19 13
5 6
40 72
24 72
1 46
60 78
5 38
73 43
23 33
66 8
56 7
25 54
73 68
67 70
64 36
9 42
74 29
25 45
73 49
71 57
70 57
44 30
75 65
67 44
69 37
69 76
28 81
62 40
32 6
9 18
64 11
53 8
79 31
21 43
70 37
53 42
70 59
38 8
50 65
14 48
3 41
76 33
8 19
52 65
12 78
57 70
7 5
61 17
1 59
17 28
75 78
64 10
41 21
9 33
33 61
72 37
60 60
55 12
77 31
36 19
20 59
45 24
26 41
62 77
56 43
71 26
71 81
81 52
13 78
74 67
32 32
79 69
2 22
1 50
11 5
20 64
16 61
53 33
4 28
72 15
61 56
75 6
5 48
9 38
81 17
22 50
27 27
80 13
17 68
11 55
11 61
28 70
8 15
57 16
17 69
7 3
81 57
36 9
38 75
30 14
81 63
25 17
7 67
8 57
16 2
38 24
3 10
21 5
10 31
28 10
34 15
37 11
26 66
63 28
61 14
45 65
5 74
58 79
38 36
12 15
13 39
48 8
75 49
50 16
34 18
15 25
61 12
38 71
56 55
3 17
38 29
42 61
23 11
25 74
9 8
41 28
27 13
48 9
20 44
73 56
70 50
52 17
11 16
22 22
47 70
4 67
46 52
53 68
63 13
56 57
70 61
25 12
27 73
13 8
18 34
6 65
48 17
62 9
55 33
54 45
56 25
34 80
66 80
41 52
1 70
49 78
41 40
43 42
9 23
49 40
60 47
78 12
36 55
17 39
75 29
57 11
73 38
15 20
3 78
28 8
6 22
57 25
68 4
1 45
12 68
71 7
58 17
70 35
56 76
5 34
5 15
48 36
1 80
68 11
5 20
74 5
50 45
48 15
52 29
39 74
79 51
51 9
4 5
68 31
59 49
63 27
39 5
64 27
65 72
6 69
58 9
69 55
6 72
7 69
30 15
63 56
13 33
55 22
81 60
18 4
6 45
37 59
26 14
30 65
78 62
26 23
76 3
58 2
63 79
29 71
1 37
54 8
17 45
19 40
17 56
69 38
47 58
75 48
78 67
29 31
8 56
45 6
10 40
63 7
7 13
61 44
47 50
8 75
41 67
29 33
42 50
6 61
23 63
18 52
26 37
13 40
45 32
75 71
10 5
42 55
11 63
67 40
67 69
27 4
43 60
78 50
66 46
22 18
10 45
68 10
79 34
13 43
13 50
17 74
47 32
36 57
76 57
58 26
73 69
25 9
77 4
43 59
6 64
71 56
2 56
54 3
69 15
24 3
46 73
61 32
43 58
70 14
41 42
8 69
50 58
20 22
22 76
34 67
71 37
7 78
14 55
38 58
73 72
55 47
56 75
80 71
61 53
19 39
44 63
1 16
78 47
56 21
5 30
38 1
4 20
15 19
36 38
2 1
25 18
15 56
5 7
30 80
16 22
40 17
65 4
64 33
28 67
19 65
16 20
24 75
72 42
44 13
9 4
30 60
75 47
17 22
50 75
25 13
78 81
80 8
21 7
73 35
43 44
44 40
81 75
74 42
9 66
68 15
56 80
79 76
50 55
26 72
17 60
76 53
33 7
65 7
21 75
12 43
26 48
50 74
8 12
79 41
57 52
30 34
27 15
53 64
26 39
69 42
41 13
66 73
66 3
4 23
51 71
3 13
34 71
77 11
79 35
46 15
71 22
78 53
40 79
68 49
79 66
48 68
7 45
65 26
8 74
55 61
48 44
46 30
75 16
27 31
69 18
75 57
7 10
36 25
60 22
9 36
12 60
50 48
34 6
65 81
44 3
76 9
39 69
54 78
68 36
60 52
48 25
12 59
79 64
67 64
41 8
30 38
6 34
7 15
63 30
15 44
9 47
11 8
6 53
27 12
81 19
36 40
68 22
77 61
33 75
16 28
21 38
36 67
12 26
68 7
4 33
70 58
44 9
68 25
74 80
59 22
33 20
30 12
44 20
21 70
76 63
37 69
8 70
75 80
28 12
58 16
65 61
61 2
43 79
8 66
2 19
48 5
20 17
16 59
77 55
69 33
58 15
69 41
70 44
27 6
77 50
59 15
33 74
48 18
56 9
22 67
15 57
1 24
17 79
25 77
70 8
20 31
65 59
33 59
42 28
63 59
39 79
7 8
43 29
37 14
26 26
48 59
73 76
58 25
20 19
24 9
14 38
10 34
74 71
72 56
40 58
52 33
53 22
18 25
19 53
69 5
56 70
80 63
58 22
5 24
3 63
52 50
12 77
8 16
13 1
77 57
20 13
54 73
65 58
66 62
17 71
39 48
66 19
73 50
61 3
79 70
45 1
77 25
18 1
48 21
19 50
35 71
66 69
43 18
71 42
66 76
27 39
6 75
44 8
35 4
71 62
55 27
51 2
4 16
16 44
50 13
22 46
73 70
4 63
68 46
57 13
58 58
25 22
27 75
63 43
22 45
3 12
68 55
55 80
2 79
56 44
21 10
55 77
77 67
20 70
25 62
3 24
53 27
11 40
51 33
53 59
42 58
23 47
33 9
60 46
55 68
45 11
24 23
10 47
61 46
21 34
43 81
56 42
72 62
9 53
33 2
71 76
9 75
35 24
62 50
23 71
66 58
33 78
69 67
64 15
39 1
69 46
28 77
52 42
15 53
78 27
9 52
49 18
8 3
10 74
72 78
62 10
61 75
79 15
77 7
41 18
45 3
62 39
36 28
66 43
75 37
67 72
32 28
73 11
6 9
25 59
41 76
12 55
57 14
3 27
45 10
68 60
58 64
34 33
29 3
80 58
27 20
74 66
35 2
46 68
26 63
62 55
55 7
66 2
12 52
71 14
42 68
50 15
56 52
4 53
77 1
37 52
75 61
63 1
33 11
30 62
46 17
27 43
13 49
5 16
54 31
29 43
20 68
14 81
80 5
72 73
38 12
21 36
67 18
5 63
12 80
67 45
58 7
23 6
41 27
17 44
5 45
71 40
61 25
28 11
52 62
38 68
3 66
14 34
34 9
61 9
80 56
23 70
36 76
37 81
9 60
81 58
1 58
49 37
11 14
73 1
65 19
4 62
39 47
2 49
9 12
10 28
34 32
25 41
47 49
15 12
59 68
41 25
72 45
53 11
75 12
59 12
19 34
34 65
67 21
67 60
8 38
47 28
19 9
32 4
66 38
27 53
3 73
29 54
60 55
5 68
26 18
16 14
70 3
54 47
81 72
66 40
68 67
61 77
70 74
38 2
66 67
59 11
18 76
41 71
14 54
50 59
54 56
79 56
28 3
45 81
29 68
71 3
73 48
18 5
13 42
80 12
20 75
16 45
58 11
79 14
13 71
40 23
30 63
36 37
32 37
12 37
68 73
45 18
47 65
14 79
55 26
69 14
42 35
43 77
58 76
59 10
22 3
10 33
37 61
40 30
71 13
78 17
17 9
43 43
8 80
23 25
51 65
1 63
21 3
79 23
39 72
33 46
35 25
72 18
1 38
79 78
19 18
3 8
50 23
66 39
44 33
11 62
27 18
32 35
32 13
5 22
9 14
17 21
66 78
13 53
57 23
45 26
50 8
73 61
73 80
30 41
50 6
14 53
24 29
77 24
41 46
36 10
74 46
74 34
44 34
21 22
38 43
58 59
17 59
18 12
76 59
20 14
9 13
35 41
33 79
49 39
36 23
20 9
73 26
42 24
17 61
3 44
26 52
45 71
9 48
4 2
49 49
22 23
36 62
11 77
5 52
34 37
25 55
57 2
35 9
66 26
65 10
62 41
28 39
43 30
50 36
21 4
3 49
54 68
3 64
9 21
81 29
43 22
25 64
37 12
58 51
14 30
56 63
52 25
6 26
21 17
21 1
75 31
24 1
16 66
47 23
61 23
62 4
67 30
70 71
49 45
65 22
17 77
26 3
54 39
14 19
2 39
80 66
67 36
81 70
45 9
5 42
20 56
61 78
67 75
80 55
21 33
66 64
46 26
64 13
62 49
72 50
11 78
69 12
18 13
28 58
3 14
67 20
12 34
70 54
54 16
47 22
32 14
10 23
27 76
67 55
20 53
29 60
14 75
14 59
17 36
8 44
59 34
2 52
34 10
54 75
38 69
74 23
80 69
55 34
74 32
30 58
52 21
15 39
80 79
18 22
19 5
54 81
18 61
34 2
56 14
34 46
19 15
43 6
73 18
64 31
61 55
57 64
45 62
76 11
78 10
12 45
2 54
32 69
35 58
17 30
51 63
32 56
22 69
12 76
67 8
53 80
24 58
35 56
9 69
65 62
48 43
17 19
52 76
12 16
27 44
52 5
28 31
21 58
17 62
65 20
24 31
48 60
46 8
5 21
15 72
49 2
11 42
28 29
18 62
4 60
15 70
17 65
1 20
79 5
75 63
30 71
81 47
2 43
47 48
65 47
41 39
62 12
10 55
30 31
68 41
20 77
20 35
44 55
6 39
41 1
48 79
14 20
76 34
41 56
71 15
27 1
54 67
55 55
53 9
20 71
8 28
72 21
46 1
56 22
53 62
23 61
54 35
2 30
67 50
49 54
50 26
8 55
63 72
19 3
33 70
8 27
4 71
4 49
16 67
18 26
74 81
56 45
46 11
58 43
1 57
28 15
73 41
13 64
36 12
37 34
66 11
1 30
13 81
56 51
22 65
40 19
3 29
19 68
1 34
5 57
56 16
37 74
48 13
14 52
46 19
32 70
37 10
64 59
74 45
37 15
75 73
64 35
65 13
23 75
32 48
39 80
45 21
36 64
3 9
77 44
62 63
6 44
52 54
44 54
41 7
62 31
61 52
22 48
66 57
29 14
28 59
40 75
73 15
42 49
3 36
67 26
72 25
39 14
76 30
41 16
7 51
22 52
23 57
56 31
17 49
39 50
78 59
48 78
2 55
18 23
63 48
17 37
65 60
62 28
65 9
4 31
80 78
61 8
42 59
30 68
56 61
23 73
70 48
58 1
62 32
51 4
71 60
49 68
60 70
68 54
30 3
24 53
14 77
52 53
63 76
41 81
38 42
77 20
16 39
80 44
41 55
7 17
27 48
62 37
71 36
58 35
13 27
79 80
45 66
28 56
39 76
40 61
64 30
60 3
49 67
62 7
79 16
77 79
66 23
55 8
20 33
38 32
49 74
15 71
55 18
18 64
7 4
1 22
14 7
70 81
50 18
58 45
67 76
33 77
2 61
40 69
1 43
66 29
38 44
56 5
15 69
71 17
37 30
4 69
57 60
42 60
45 33
7 50
71 38
33 13
9 43
44 58
71 11
12 66
1 10
72 9
21 50
22 79
16 19
22 41
5 58
20 62
35 61
79 44
18 67
79 2
36 63
14 64
65 65
48 10
72 27
37 66
55 39
27 14
45 13
4 43
64 40
9 61
29 66
35 8
73 23
79 71
4 70
11 24
67 80
58 57
35 42
55 38
24 33
30 49
70 41
14 25
26 27
80 6
64 7
12 36
41 22
59 60
47 11
26 73
57 31
22 17
7 46
56 78
46 56
45 46
19 56
4 3
43 76
37 62
6 49
69 68
15 54
38 52
8 60
74 9
27 69
36 72
32 29
63 19
48 75
4 7
11 81
6 30
8 79
74 53
18 18
13 79
26 64
37 46
22 70
81 32
73 52
7 6
3 68
5 23
21 29
38 30
42 13
59 2
43 62
5 81
29 4
29 5
54 24
66 45
51 80
7 28
37 2
52 66
41 69
52 57
38 70
72 1
28 40
74 7
71 16
22 31
4 59
38 50
36 56
32 21
59 31
9 24
60 31
46 36
3 30
33 80
10 50
43 32
76 13
18 65
9 27
23 36
65 46
28 76
75 39
73 60
32 24
69 6
57 7
8 2
36 42
14 70
30 27
7 25
54 65
30 33
78 64
25 4
2 38
14 32
77 3
11 15
28 20
51 77
66 9
8 32
33 58
60 6
5 28
67 31
52 4
55 21
21 35
36 33
72 22
1 61
67 15
36 16
15 33
18 72
40 47
51 21
72 81
8 31
43 56
68 17
68 34
29 77
69 60
64 75
49 48
77 41
4 46
9 50
45 61
19 20
54 4
52 56
4 22
79 52
15 4
29 59
64 70
75 33
46 42
27 81
48 53
36 60
2 44
56 74
11 12
76 28
57 77
81 21
81 28
2 81
59 8
35 60
25 42
8 49
61 65
24 42
70 55
68 59
40 41
26 42
45 25
4 27
5 49
43 47
6 37
73 7
69 54
36 45
41 57
19 41
8 37
79 63
77 48
54 21
78 54
1 7
48 42
24 80
64 80
22 5
67 53
4 68
24 13
32 74
7 43
80 80
80 41
37 24
45 14
73 20
62 68
37 9
61 68
71 8
20 48
42 4
13 58
63 38
60 68
46 79
43 67
57 51
78 19
11 64
11 59
54 49
28 51
28 24
18 78
9 2
65 73
3 18
21 2
56 60
78 74
80 46
75 42
65 70
40 40
28 61
68 76
78 76
45 72
61 67
41 4
21 42
51 60
13 36
26 33
12 53
64 76
29 45
36 58
63 63
5 40
2 12
43 12
25 68
79 19
8 47
39 24
46 22
28 27
20 20
45 59
78 25
18 28
2 16
57 75
70 51
59 78
7 76
27 29
56 66
33 44
34 21
43 7
48 64
34 72
38 16
10 13
74 73
60 35
72 55
41 30
60 4
52 28
28 6
11 68
15 45
2 23
72 30
30 61
3 60
32 33
28 14
74 21
48 28
61 43
65 39
37 43
73 13
30 19
28 4
81 5
12 6
55 56
1 60
44 7
50 27
70 77
20 6
80 23
54 15
52 52
55 44
42 81
24 8
59 48
75 40
81 55
52 2
4 74
47 31
13 38
78 78
42 20
17 24
9 78
56 29
63 33
27 67
20 3
56 50
28 30
50 37
29 37
54 5
79 58
65 66
44 44
4 45
73 39
49 69
28 69
24 17
11 7
32 25
16 62
47 61
76 4
75 52
59 36
27 40
54 37
63 58
42 56
66 36
33 39
34 27
65 15
7 36
40 44
50 57
45 20
23 56
30 78
29 18
29 9
64 51
41 45
38 48
63 49
81 43
24 79
46 33
43 3
80 54
45 28
21 9
56 64
61 29
69 77
11 48
63 23
14 31
28 28
60 8
77 2
34 22
48 62
77 23
57 27
36 35
47 30
51 57
34 20
58 69
2 32
60 17
65 37
64 64
4 66
47 5
14 4
49 66
9 44
79 73
35 55
12 72
36 75
66 13
57 3
7 12
27 66
2 58
4 65
18 20
60 20
49 57
79 50
30 54
4 30
76 78
29 23
3 54
6 29
43 50
20 60
26 9
15 37
3 50
2 64
52 16
26 65
77 78
49 6
30 76
53 18
56 4
80 72
15 38
39 12
54 74
38 23
1 6
67 2
29 26
6 55
8 81
34 68
33 15
38 66
72 48
74 15
54 69
55 63
49 3
16 5
20 23
38 38
7 27
18 70
75 18
61 72
37 28
24 45
78 80
73 75
66 28
79 25
38 65
50 62
23 16
44 46
17 52
59 42
62 75
51 58
80 81
62 44
36 1
67 58
56 58
19 24
62 33
36 30
39 75
71 19
44 78
70 38
52 22
68 1
7 53
12 47
61 69
44 39
47 37
41 63
3 71
34 41
3 61
13 35
71 4
30 6
81 23
22 25
44 16
74 77
10 16
58 18
33 43
18 58
29 52
62 72
46 51
20 79
12 20
78 70
41 48
44 72
19 44
79 55
39 34
74 38
74 20
48 61
52 40
13 18
39 42
80 45
11 38
7 48
41 77
23 24
39 57
53 57
21 23
7 41
73 44
25 34
2 27
21 20
34 35
15 80
64 69
50 69
40 22
48 14
45 47
11 23
4 34
21 67
70 42
7 62
56 53
50 63
77 43
39 66
71 51
75 25
16 17
23 14
25 23
39 61
22 26
21 76
49 59
1 72
79 3
27 72
52 43
4 42
3 70
62 25
17 14
26 4
18 8
51 72
12 38
78 13
27 59
23 2
7 68
9 20
4 10
77 60
30 51
21 56
78 49
24 14
23 4
66 32
18 31
4 25
78 60
15 31
24 12
8 10
29 25
49 80
76 81
45 41
13 46
21 51
6 81
40 52
20 7
6 54
56 49
11 43
55 51
41 23
77 65
58 46
15 76
53 19
16 8
1 39
79 43
30 59
52 8
64 12
12 23
19 10
52 10
78 14
48 46
10 80
16 32
81 30
18 44
39 68
17 6
35 14
9 19
13 11
36 49
47 26
17 78
9 16
54 42
80 35
13 70
77 62
46 45
19 26
39 37
72 17
15 32
2 72
50 21
29 12
1 21
12 44
43 11
14 78
48 58
38 37
21 39
45 56
16 46
33 17
43 72
19 33
49 50
25 2
59 3
81 64
36 65
76 18
77 8
42 53
3 5
19 58
26 69
29 70
19 12
55 46
35 3
33 19
34 40
49 46
57 58
3 22
67 54
9 51
32 65
5 37
42 26
11 21
72 12
22 27
45 60
37 44
66 60
39 36
56 24
76 26
57 34
27 68
45 15
11 4
40 35
21 57
21 60
30 29
38 40
26 54
46 21
78 72
15 74
57 37
37 70
59 32
43 55
37 41
48 26
27 8
77 37
48 50
59 21
17 41
3 26
75 8
81 1
60 74
69 19
57 61
10 69
37 8
58 67
6 35
21 44
76 61
75 76
25 56
16 52
7 54
54 62
26 50
14 74
62 22
29 1
59 7
57 81
30 77
52 44
58 74
36 20
44 76
51 1
38 41
4 40
46 71
59 73
19 23
10 81
9 76
39 58
65 5
60 40
63 6
46 66
51 6
37 42
79 47
7 19
79 39
9 70
17 16
29 46
65 29
73 33
32 50
73 79
28 53
27 34
48 51
46 9
68 6
39 2
78 68
39 3
6 15
8 18
24 21
35 54
57 62
81 10
2 75
26 16
4 15
79 59
74 48
35 31
56 12
81 25
4 19
80 64
42 8
67 74
65 57
49 42
63 60
42 65
33 48
70 24
66 24
21 6
8 41
39 71
45 55
8 13
25 72
7 21
67 51
67 66
30 46
59 9
51 45
17 29
16 12
51 16
32 71
40 50
18 21
74 24
72 74
60 21
38 6
22 6
39 44
41 29
71 44
34 74
21 68
39 45
53 56
65 41
52 71
63 78
71 5
50 41
70 67
3 16
51 8
12 56
71 59
18 66
16 72
49 52
57 4
42 76
24 50
7 14
63 44
57 33
10 19
2 62
6 40
2 53
33 73
43 25
14 10
4 11
21 16
2 40
45 34
21 63
18 43
43 45
75 13
8 9
39 63
6 2
56 47
35 20
20 11
62 71
9 34
27 56
72 77
79 81
8 8
13 77
75 38
58 49
69 11
45 22
75 46
34 11
41 74
73 63
41 50
68 39
49 21
64 73
53 65
44 2
43 69
15 26
66 15
34 52
37 4
60 48
62 1
5 1
37 64
16 29
62 43
62 51
74 63
42 52
32 8
77 5
34 77
81 13
7 49
64 23
39 51
69 34
15 17
4 73
67 1
81 7
40 20
32 79
36 59
80 48
59 13
18 74
32 31
47 45
54 77
55 64
56 37
23 51
17 40
5 2
5 31
32 42
40 13
55 6
66 52
29 56
14 56
27 71
1 79
74 33
50 49
21 69
46 4
17 1
51 74
10 15
5 71
13 52
78 6
73 42
59 80
12 70
68 79
71 65
34 7
76 36
18 35
76 15
15 61
50 52
80 75
24 2
10 38
14 5
78 23
7 11
79 77
23 69
28 46
14 65
10 12
9 32
60 11
17 12
7 66
63 16
16 77
76 42
13 37
68 38
3 76
68 45
37 26
10 79
67 77
34 39
14 33
9 68
60 5
46 49
23 20
40 64
78 40
38 33
69 44
53 45
75 15
16 41
24 40
58 56
79 62
24 61
54 2
35 52
51 12
19 21
20 16
37 75
32 19
12 62
5 47
35 77
32 7
49 64
12 73
4 6
35 65
60 54
43 35
59 54
2 8
25 76
28 19
75 45
43 33
2 37
34 63
23 8
14 44
1 19
21 79
81 27
25 27
47 81
29 44
68 61
45 68
16 6
22 64
73 53
52 60
79 46
66 35
17 55
28 25
26 34
27 80
61 57
56 32
20 63
18 71
3 1
42 39
16 34
10 22
6 16
63 32
15 5
59 23
61 28
50 54
57 57
61 63
66 30
15 8
70 10
26 43
57 68
25 78
49 73
69 22
34 38
26 8
46 41
27 25
28 57
52 61
6 46
17 48
6 51
47 3
78 8
14 46
24 65
64 55
75 41
74 16
59 30
53 41
25 50
7 77
22 75
66 22
61 16
80 38
45 53
40 43
27 32
62 18
11 22
59 76
42 16
57 40
80 37
23 23
2 10
12 5
65 69
30 73
30 42
69 28
78 56
51 14
57 72
38 19
32 40
76 70
61 27
64 20
25 52
26 1
45 57
10 35
36 34
4 47
15 35
36 21
34 50
22 42
13 2
65 44
51 66
46 3
4 80
36 39
32 51
61 45
63 5
34 13
39 4
33 31
26 53
41 15
13 63
64 28
50 77
41 12
8 42
29 8
25 44
36 2
61 54
80 49
48 71
72 75
80 20
68 23
60 73
2 31
71 27
53 37
72 59
24 41
69 50
59 40
60 81
35 12
52 13
77 76
70 79
24 7
7 52
33 6
16 13
21 13
57 26
2 80
34 30
70 12
60 1
29 67
66 44
23 22
50 5
79 53
19 51
35 21
71 77
54 9
10 73
66 51
25 39
10 24
4 56
58 3
68 70
14 2
44 21
78 31
72 32
68 16
28 33
80 28
19 72
71 73
27 9
59 65
53 66
59 79
54 13
15 77
73 6
78 29
74 75
74 70
14 36
26 17
81 20
77 70
6 76
56 73
78 66
30 69
47 69
64 39
3 4
39 20
15 64
73 22
45 69
59 6
72 79
9 79
47 20
33 27
1 53
28 68
45 54
81 77
61 38
45 75
8 68
23 66
9 7
51 15
45 63
33 62
15 7
12 10
75 60
52 80
57 49
58 66
24 68
61 20
13 45
74 4
79 75
40 68
60 75
64 68
37 31
55 11
26 12
4 58
54 34
1 23
56 65
35 69
67 33
79 20
50 40
33 54
34 60
55 57
66 54
12 2
57 54
22 35
78 7
2 28
80 67
55 70
1 68
12 33
58 65
60 53
13 67
11 70
77 81
44 23
56 56
60 25
14 58
50 25
37 48
30 16
48 11
72 44
20 58
51 67
28 48
49 63
53 15
5 77
49 32
24 32
43 34
33 25
74 22
43 53
14 14
50 33
71 72
79 32
42 30
51 56
48 31
51 43
49 29
40 34
5 61
35 76
68 27
66 71
6 24
4 51
22 33
67 47
39 21
58 60
57 45
47 77
20 10
15 36
2 78
35 40
53 63
17 20
45 43
43 64
19 67
52 70
33 47
8 61
18 45
13 17
61 18
16 48
37 71
52 46
48 65
33 24
70 9
41 36
7 33
35 39
77 42
28 72
52 41
21 15
63 37
67 11
42 11
67 32
27 22
67 65
26 76
63 64
25 26
63 24
59 62
36 71
34 31
13 3
10 17
12 51
68 26
80 25
24 54
4 1
1 54
65 78
19 70
22 74
55 2
7 37
80 57
12 54
29 6
49 61
17 15
29 72
69 70
33 30
3 39
30 67
12 69
25 60
80 70
18 29
3 2
74 3
44 75
69 7
60 57
59 26
57 76
21 41
16 4
32 76
33 49
18 63
5 11
30 79
42 10
68 69
34 61
46 57
77 45
8 6
51 11
76 39
22 28
32 52
23 67
77 38
46 27
44 10
23 72
66 41
51 28
60 33
43 26
70 7
47 47
63 34
33 8
33 26
12 71
62 30
65 12
22 1
57 46
14 69
57 35
28 1
43 36
1 12
77 21
38 74
1 14
30 7
47 51
74 65
38 61
21 31
16 15
76 71
69 40
50 44
76 68
54 11
1 28
46 80
61 64
5 29
57 18
19 43
49 76
41 73
50 12
73 59
26 60
15 51
27 51
33 1
13 28
71 66
9 56
77 36
77 49
17 18
4 77
7 59
20 81
61 1
30 10
19 28
1 31
51 27
74 41
75 22
46 61
3 58
36 17
20 52
46 63
10 44
27 35
33 32
79 54
66 48
30 17
36 52
46 32
16 58
47 25
17 54
51 79
40 49
7 23
63 8
21 14
46 60
27 2
77 26
3 21
81 33
3 81
74 43
9 64
75 54
37 68
30 36
67 46
28 38
47 41
67 34
18 77
24 51
24 19
44 41
8 72
32 17
16 47
53 78
70 34
66 47
26 70
23 9
44 69
15 50
50 81
43 52
54 79
51 50
45 67
21 72
37 51
74 54
53 50
3 55
67 59
13 76
71 69
9 81
42 47
14 15
62 35
59 81
50 35
22 47
32 20
2 15
73 64
1 69
41 78
4 29
57 47
5 50
74 18
28 71
41 14
58 19
59 35
68 3
5 54
62 5
26 44
50 2
62 58
70 6
55 74
42 67
20 49
42 29
62 48
80 77
32 27
71 34
64 47
58 31
62 11
55 40
38 35
54 59
50 56
25 51
10 37
75 23
46 74
7 18
6 79
73 81
46 18
77 68
39 26
51 70
59 43
36 68
5 8
16 26
35 5
37 13
46 37
54 1
9 35
77 14
24 60
11 75
74 55
29 32
79 72
52 58
8 21
23 31
26 6
23 58
33 35
42 21
28 74
73 17
49 19
13 5
15 75
25 65
11 44
4 76
46 23
24 18
64 71
15 22
18 48
10 71
55 5
28 7
33 16
52 27
19 8
54 57
3 72
78 43
19 37
16 74
32 16
50 20
42 63
77 29
9 6
35 35
53 74
32 49
11 58
52 19
68 74
16 73
12 1
2 70
56 34
75 44
51 81
42 34
57 17
80 52
64 44
19 61
60 12
30 23
66 10
74 17
19 14
47 6
27 78
38 34
33 66
40 26
16 56
23 52
28 36
7 9
43 39
9 72
69 80
75 56
53 10
27 10
48 20
16 16
78 42
54 41
69 66
66 20
30 8
39 43
62 80
44 73
22 57
51 49
40 78
68 78
27 5
77 10
22 39
64 24
26 61
23 30
49 10
22 58
79 6
26 25
62 61
5 75
72 7
78 55
33 51
66 18
24 49
40 48
53 71
36 13
11 2
53 70
25 11
2 2
41 31
79 74
29 36
57 30
60 30
56 26
17 25
63 71
32 44
38 15
20 34
21 80
57 69
70 40
51 25
52 35
6 62
42 78
29 81
4 18
71 61
75 55
5 39
25 38
29 15
