91
1 11
90 71
2 11
7 22
3 11
65 4
4 11
62 21
5 11
46 6
6 11
77 65
7 11
65 45
8 11
26 77
9 11
6 89
10 11
85 34
11 11
60 42
12 11
7 28
13 11
17 18
14 11
43 55
15 11
7 90
16 11
1 32
17 11
38 36
18 11
66 57
19 11
85 70
20 11
23 45
21 11
87 16
22 11
52 76
23 11
75 22
24 11
73 24
25 11
14 10
26 11
42 9
27 11
23 19
28 11
9 58
29 11
46 25
30 11
61 38
31 11
29 55
32 11
64 26
33 11
29 72
34 11
40 90
35 11
74 51
36 11
62 28
37 11
51 46
38 11
2 4
39 11
53 51
40 11
35 7
41 11
66 32
42 11
69 51
43 11
44 36
44 11
22 16
45 11
78 76
46 11
32 80
47 11
39 13
48 11
16 64
49 11
1 82
50 11
85 85
51 11
18 9
52 11
15 54
53 11
48 53
54 11
44 40
55 11
57 75
56 11
22 74
57 11
8 61
58 11
16 35
59 11
53 30
60 11
45 16
61 11
15 25
62 11
17 61
63 11
68 55
64 11
3 17
65 11
60 22
66 11
20 6
67 11
19 6
68 11
14 68
69 11
27 67
70 11
61 41
71 11
16 29
72 11
10 4
73 11
68 65
74 11
29 1
75 11
72 41
76 11
8 76
77 11
90 43
78 11
63 60
79 11
89 39
80 11
21 61
81 11
74 80
82 11
59 27
83 11
89 38
84 11
75 31
85 11
91 68
86 11
67 56
87 11
52 38
88 11
29 54
89 11
77 8
90 11
2 41
91 11
57 36
79 38
47 83
6 81
71 15
25 68
2 10
38 80
8 35
10 85
72 61
4 38
28 82
74 14
30 87
67 59
14 74
67 73
16 9
91 63
25 30
66 39
87 61
5 58
12 69
18 54
13 78
6 70
55 33
59 29
23 76
55 80
40 34
20 23
32 46
48 24
28 66
65 66
15 55
3 34
84 21
28 56
54 85
44 15
12 21
85 16
63 15
78 1
18 74
71 45
24 16
1 79
33 69
28 45
13 88
46 68
28 17
22 66
23 42
47 64
6 29
15 38
39 2
33 65
88 5
73 85
67 33
70 29
53 59
2 81
16 33
10 54
17 13
48 17
51 47
69 61
80 49
60 85
34 26
21 49
65 90
61 60
43 84
8 55
50 90
64 74
26 36
79 43
49 14
21 62
57 55
67 29
41 53
21 25
89 56
16 22
75 68
70 72
62 59
21 38
90 52
37 39
52 85
39 20
64 24
12 6
7 61
58 63
51 44
25 84
89 35
27 41
84 45
53 20
12 26
47 66
81 38
74 55
5 16
22 51
61 54
73 16
5 19
80 29
21 85
77 1
12 59
68 47
55 83
61 68
64 60
53 49
46 8
65 59
49 18
2 88
44 67
7 59
47 38
58 89
85 36
14 9
27 66
84 76
70 27
41 59
65 37
67 40
12 86
56 61
12 78
37 33
63 40
30 55
39 41
13 57
29 31
22 15
27 9
1 83
75 24
46 56
66 15
84 28
57 63
25 88
59 43
61 43
69 7
39 33
3 16
20 35
20 71
3 85
79 85
54 40
49 4
12 58
33 84
28 75
53 84
19 72
69 66
22 49
4 46
9 74
47 80
31 41
10 74
69 77
71 80
85 68
33 56
65 16
10 75
21 4
15 78
29 79
87 18
17 21
83 78
10 89
54 60
40 31
81 58
36 69
78 77
24 40
51 56
74 91
43 49
38 79
27 58
90 9
14 58
50 66
49 73
40 67
65 79
90 41
58 66
78 55
50 25
7 55
77 34
43 6
23 29
23 39
46 45
31 58
22 87
6 50
86 18
90 56
44 9
75 2
55 90
70 45
36 74
34 28
7 20
78 89
70 51
55 1
71 1
73 40
26 31
58 49
21 26
71 61
70 18
37 15
52 45
82 42
86 1
32 2
48 18
77 19
71 6
27 1
82 88
64 46
41 42
47 18
20 64
79 30
83 81
12 87
18 14
52 67
3 63
53 81
48 54
76 47
73 59
80 51
49 63
37 32
25 9
48 88
19 17
37 52
32 69
58 27
15 18
34 85
9 47
54 88
66 31
87 63
50 49
30 46
33 64
79 72
48 77
11 78
41 60
22 84
28 6
13 85
42 67
29 81
63 6
4 64
11 34
15 15
40 32
48 30
65 15
23 4
67 71
39 35
54 84
32 68
81 15
33 26
43 44
33 73
22 42
9 60
33 38
7 7
11 29
16 19
31 35
52 70
40 19
79 47
80 42
54 61
17 35
10 41
45 24
15 52
37 3
29 36
12 25
27 57
22 10
84 74
64 76
24 21
54 83
75 12
76 57
79 86
50 64
34 2
78 25
17 14
10 29
19 39
80 91
47 13
77 75
11 32
66 54
19 81
35 25
47 3
70 88
87 10
50 86
71 56
60 18
35 86
9 38
76 79
7 47
12 49
2 50
23 24
55 29
89 86
20 57
30 69
8 90
34 71
50 47
54 75
79 63
41 73
67 16
74 85
18 37
10 42
45 13
9 1
8 23
19 25
73 33
3 57
55 88
41 91
4 54
8 53
26 71
56 37
29 75
54 7
52 35
75 36
27 7
67 77
66 63
51 42
11 68
40 41
83 52
58 14
63 24
38 18
27 50
91 28
72 55
59 32
73 18
44 72
10 86
84 33
44 59
15 1
43 48
24 6
40 18
44 77
34 41
4 36
80 25
78 4
34 37
6 86
52 55
78 72
42 77
20 67
54 30
77 2
63 70
36 53
45 21
26 50
87 17
59 38
8 74
88 56
74 46
55 46
7 73
18 62
35 49
28 47
63 58
37 57
83 72
33 91
45 88
6 45
64 58
4 68
8 45
33 5
87 85
50 30
43 58
60 66
73 91
48 37
81 84
9 29
59 36
58 32
37 72
24 79
62 44
61 18
36 42
30 36
35 81
28 39
57 52
6 24
43 37
65 44
69 6
68 32
9 4
45 63
29 84
24 25
37 89
85 63
12 45
16 14
68 90
58 33
49 23
56 26
9 16
41 50
89 15
21 67
1 2
15 3
8 88
42 43
73 90
43 86
83 22
68 34
80 48
86 35
87 87
34 23
30 73
60 79
26 87
36 40
38 90
55 64
90 85
33 2
58 19
81 33
42 16
44 14
19 26
84 60
88 6
83 2
84 58
62 27
8 24
35 51
90 90
70 62
67 35
75 76
65 74
44 30
61 57
8 71
24 61
67 24
54 55
53 33
81 89
57 20
17 50
46 55
74 53
4 87
89 51
20 76
13 41
9 79
25 75
28 10
56 81
51 81
14 79
21 90
5 46
76 34
2 19
15 14
49 69
81 30
91 67
28 43
40 51
38 70
32 90
71 66
60 46
50 44
86 59
79 77
12 20
55 18
19 46
39 60
36 12
84 26
7 54
21 80
32 13
37 62
28 50
57 53
58 9
87 46
45 34
31 40
55 56
57 71
59 37
91 18
58 42
64 22
80 40
82 25
54 48
42 90
10 76
20 27
65 8
17 82
4 55
48 1
34 70
45 17
14 69
67 14
62 86
31 78
40 20
61 87
57 13
62 45
16 42
6 3
66 59
85 50
56 77
67 69
63 4
80 59
33 51
83 32
16 26
3 6
23 78
4 58
60 90
76 84
73 43
76 74
24 22
69 21
86 70
1 30
14 62
5 71
34 44
11 80
53 68
70 60
83 35
59 50
70 81
1 86
12 76
36 10
19 45
10 44
15 85
2 39
61 40
57 90
32 43
58 39
37 48
4 35
67 44
54 35
8 43
77 10
84 48
12 17
21 68
57 85
7 64
48 62
59 89
44 3
78 28
60 9
38 3
32 21
91 26
39 52
45 71
40 84
10 65
25 20
84 34
69 24
11 8
39 80
85 80
82 59
54 82
32 30
87 57
77 12
86 53
16 21
74 35
52 10
17 54
43 40
14 35
5 40
63 48
16 54
2 62
83 31
54 49
56 72
12 4
81 79
73 35
24 3
8 18
49 61
28 83
63 80
82 68
88 20
11 84
48 38
13 64
72 91
33 8
59 48
14 3
44 5
83 53
19 66
51 31
81 27
74 19
34 52
11 72
36 38
46 17
59 26
87 69
86 71
58 67
61 22
3 58
1 43
54 62
90 62
71 83
7 24
85 8
12 40
69 68
83 4
6 80
39 68
31 81
13 38
25 21
14 18
10 17
6 33
26 28
41 29
20 70
58 36
73 79
28 3
80 38
70 21
76 88
35 73
75 51
18 84
20 30
62 83
11 76
30 9
19 47
25 58
2 23
70 65
47 20
81 2
43 15
54 81
85 39
41 84
39 47
36 41
91 76
63 65
17 7
25 89
13 79
58 64
7 65
2 7
16 50
11 30
53 91
38 67
84 9
86 78
61 47
88 72
83 37
40 65
19 68
40 73
61 80
9 73
12 46
36 43
58 38
58 58
85 49
55 12
86 60
21 64
58 65
64 33
1 68
42 86
66 27
37 53
1 73
3 10
56 44
20 42
11 60
29 23
15 89
6 10
48 7
2 34
34 58
66 10
45 27
11 54
39 69
6 66
44 60
89 75
80 18
19 75
78 67
45 39
1 37
50 50
78 48
4 5
74 65
17 2
28 72
46 9
23 75
31 62
81 54
51 18
23 28
41 87
39 36
71 4
51 68
32 40
79 67
45 45
55 10
31 28
28 71
33 47
31 59
1 17
82 62
44 90
45 10
47 81
60 73
37 80
89 48
70 74
1 9
30 15
19 7
8 87
73 66
46 49
34 89
35 23
17 71
54 39
19 56
51 85
77 9
6 22
64 73
84 12
83 68
57 73
6 69
86 88
32 56
73 7
18 40
48 68
80 26
58 71
86 46
62 67
86 22
46 16
17 66
84 66
26 55
18 57
89 49
88 35
25 33
52 60
7 88
29 86
26 27
15 31
31 44
85 90
11 88
1 77
64 64
85 7
88 71
59 44
28 32
70 1
72 50
44 62
74 78
38 44
36 88
81 14
63 13
25 78
2 15
91 15
89 91
37 41
84 30
82 4
50 27
65 21
91 20
81 17
73 83
1 60
44 80
28 42
13 6
62 42
84 41
80 90
63 54
48 80
14 77
48 28
53 9
5 82
78 46
73 32
76 30
72 25
38 17
30 13
33 45
4 73
39 82
82 6
76 67
37 78
25 15
89 34
9 37
25 18
15 63
73 4
53 32
40 71
68 60
5 49
22 78
85 9
86 48
85 26
62 4
13 26
70 5
3 77
71 85
73 65
73 46
39 12
33 78
49 67
29 8
30 37
38 24
5 87
82 77
1 15
13 14
60 28
60 62
16 3
10 5
31 9
6 87
11 36
22 56
37 87
82 81
84 59
6 91
49 59
51 35
48 79
57 48
87 7
82 89
13 49
45 83
52 43
23 55
3 33
36 56
21 12
15 22
27 22
91 33
51 39
6 38
35 40
27 59
57 30
22 89
72 27
74 54
5 15
5 13
13 5
64 59
40 2
26 67
29 80
9 24
3 80
5 1
69 26
19 31
12 3
77 69
25 38
29 10
87 80
54 25
33 62
49 35
81 68
58 84
37 35
64 55
1 1
73 48
83 64
83 6
52 64
91 31
31 8
38 40
48 45
64 13
76 49
61 66
64 79
88 2
15 59
10 26
34 64
38 64
73 1
91 21
60 89
12 67
42 41
24 4
84 37
71 29
79 74
65 81
62 88
47 41
29 29
28 8
63 25
77 21
77 27
10 12
81 13
26 33
48 49
16 53
68 21
37 50
49 10
13 28
23 70
48 55
80 19
72 83
28 46
77 89
20 60
90 25
18 36
28 54
87 24
75 48
41 2
18 68
46 24
39 40
67 47
30 82
62 68
75 13
72 31
21 75
71 69
67 13
14 63
10 25
45 59
36 54
33 24
49 27
82 12
13 61
62 9
47 29
63 45
57 9
50 62
51 27
68 53
79 26
7 1
18 29
59 12
27 73
2 14
32 82
41 71
82 27
42 80
12 56
4 18
40 77
85 73
40 62
73 49
4 79
17 5
21 32
58 46
53 60
82 24
79 88
2 89
86 82
61 42
77 42
66 83
52 37
53 21
28 26
68 28
40 69
10 40
90 12
82 5
48 91
68 5
90 37
53 65
75 72
77 13
11 59
2 17
38 29
64 20
24 10
58 15
48 10
64 54
72 4
32 88
9 53
72 42
76 73
4 78
63 64
61 52
83 18
20 28
40 55
20 18
49 90
82 32
74 1
16 79
70 53
7 84
47 59
73 72
69 53
38 14
22 73
57 3
26 35
37 76
83 1
55 50
15 65
83 17
73 81
57 2
53 10
44 10
10 34
40 46
42 5
49 45
87 58
47 33
28 74
60 88
87 86
76 6
71 17
3 81
82 52
61 53
10 83
44 39
31 21
3 51
42 56
14 75
11 14
41 18
24 72
68 72
46 70
34 84
40 25
31 2
56 50
41 30
46 20
31 63
80 28
1 3
22 26
49 33
79 9
85 59
30 25
67 74
21 45
49 83
68 22
29 49
2 35
53 3
59 3
41 20
3 70
28 59
24 19
65 26
51 6
76 5
39 79
34 17
31 4
5 37
47 24
84 85
86 43
24 68
27 52
41 65
51 28
57 51
16 74
64 7
21 71
23 72
41 70
36 50
27 31
53 41
12 90
63 78
85 84
74 32
30 62
20 24
53 38
32 81
32 64
7 4
15 81
24 83
8 73
12 63
85 87
75 61
23 57
83 55
59 90
80 54
26 9
24 37
42 33
68 86
9 89
91 69
57 42
26 49
10 45
47 63
38 34
48 58
59 23
29 37
39 71
39 59
45 29
77 3
7 75
29 6
31 38
73 78
42 27
4 67
18 23
33 80
75 63
31 79
31 56
72 16
43 8
38 88
2 12
70 57
56 55
42 82
80 16
85 42
82 76
24 36
42 20
19 23
9 27
74 38
50 77
78 62
51 67
90 10
58 80
31 66
44 91
81 37
44 57
50 87
18 10
21 13
11 7
23 43
88 54
55 13
87 13
38 71
25 24
37 88
34 91
20 33
34 14
37 1
83 59
56 21
75 32
5 18
40 56
6 90
85 30
32 42
11 19
50 41
21 78
28 2
84 91
69 42
19 9
1 74
74 56
79 91
71 23
53 85
45 54
8 86
43 45
75 3
46 21
50 13
88 46
34 22
10 46
79 80
51 53
71 49
17 80
8 17
15 33
57 88
83 89
19 86
2 91
49 64
85 6
50 29
18 17
75 18
77 7
69 20
79 39
41 49
44 83
32 41
13 37
88 53
4 30
12 8
66 29
19 41
35 1
9 65
42 19
34 66
38 9
45 66
6 32
34 10
29 66
40 6
48 35
23 79
26 1
85 14
20 43
84 6
45 14
76 86
78 60
51 38
82 13
8 89
57 45
83 67
58 88
67 51
89 3
86 5
50 34
49 5
55 53
35 88
26 34
71 84
47 30
83 28
91 41
69 5
73 13
67 49
6 1
16 85
16 82
48 69
45 74
6 20
65 85
65 6
63 82
31 52
11 33
32 29
62 3
55 58
82 80
49 41
36 45
62 38
11 91
60 84
77 32
35 60
78 27
76 43
62 17
26 41
6 4
63 76
36 65
49 12
43 39
76 51
38 46
89 37
46 18
54 16
6 28
51 45
6 54
56 22
53 76
77 5
90 36
62 57
34 55
6 44
7 58
4 91
77 55
90 6
72 63
23 60
42 1
35 6
4 4
14 55
63 51
72 66
32 67
39 75
36 17
48 33
56 57
5 79
29 69
78 63
49 28
25 25
51 65
64 37
71 30
68 30
64 82
15 13
10 33
42 25
34 35
64 32
39 16
48 72
60 1
84 29
29 76
89 53
21 3
62 62
46 29
63 85
85 3
66 70
56 90
86 6
35 43
73 56
31 64
79 18
37 13
53 28
45 65
69 67
6 37
23 84
81 45
17 56
32 20
79 25
86 44
64 38
77 23
6 61
25 80
2 18
82 22
12 50
12 83
58 77
86 77
56 73
60 31
26 45
42 49
73 84
32 59
91 83
37 16
89 47
11 26
78 81
32 14
66 42
69 41
3 67
5 27
70 38
35 17
39 3
60 19
38 74
20 72
39 50
11 9
39 65
20 10
79 73
51 74
48 78
48 50
17 25
88 1
15 72
90 83
70 49
12 27
55 91
83 34
47 47
74 81
58 40
29 57
13 31
24 63
56 79
68 2
88 91
2 77
59 49
65 39
72 78
10 70
45 60
16 67
76 66
56 49
90 32
18 7
38 73
41 85
66 12
38 28
31 10
88 80
52 29
28 13
46 26
83 54
25 42
75 58
64 85
48 64
33 31
47 76
15 83
5 59
32 74
70 67
74 64
38 51
52 33
52 25
87 34
1 29
7 39
48 14
1 61
55 86
54 33
20 26
57 50
88 87
50 81
63 38
20 84
36 62
19 52
2 45
60 14
42 62
27 38
28 79
15 49
35 8
55 42
78 37
67 42
55 65
68 48
48 19
29 59
86 15
8 83
87 91
10 72
6 2
6 49
24 32
17 79
76 60
23 50
16 86
3 32
3 83
45 8
72 64
84 20
67 38
41 35
67 1
89 2
75 15
23 17
5 4
57 46
58 37
72 24
9 17
8 25
85 79
17 72
86 87
82 84
46 65
24 58
11 57
39 37
26 62
85 62
4 40
72 82
60 16
28 33
24 44
25 29
26 58
81 47
41 62
65 27
58 86
90 40
16 84
14 8
54 20
54 76
42 22
40 12
46 36
65 32
8 38
4 6
21 73
39 17
26 86
7 9
75 84
44 16
29 47
27 26
1 28
6 8
66 22
40 33
52 39
50 5
17 37
42 30
63 22
43 5
29 63
85 89
62 73
13 55
58 56
81 42
71 40
41 1
72 47
34 53
57 82
16 31
47 85
30 84
74 67
69 31
85 91
30 7
36 31
74 26
46 33
69 90
76 64
58 22
81 63
32 71
73 3
62 87
30 39
31 23
77 68
23 82
29 25
49 25
14 15
22 50
11 77
62 19
60 57
25 37
15 29
37 2
66 60
31 37
24 28
28 89
32 58
75 62
85 76
60 10
88 18
90 5
59 14
8 1
66 87
5 26
24 75
23 64
76 24
41 52
29 78
16 61
48 48
48 67
45 61
38 25
73 89
56 1
52 17
78 44
49 84
46 72
63 79
77 56
44 61
23 27
6 21
37 28
45 81
77 4
25 61
25 57
18 38
72 74
28 58
77 70
89 1
6 9
4 66
50 65
22 88
8 31
50 80
75 67
85 77
49 20
76 53
90 48
77 6
4 45
86 28
18 15
82 67
34 8
24 69
38 30
47 31
45 90
70 58
32 39
2 87
89 4
13 1
68 40
76 75
75 14
54 45
30 78
49 16
46 57
62 10
12 30
53 87
54 46
24 80
72 40
87 5
31 54
49 86
57 26
73 38
54 64
15 39
53 39
1 38
90 79
66 43
79 83
64 70
22 14
36 35
22 75
12 38
54 8
90 88
71 77
59 74
89 84
84 75
34 21
77 29
9 71
78 40
68 59
20 1
7 66
88 45
61 12
39 66
80 85
20 69
10 53
67 60
6 41
44 54
84 13
90 49
27 16
20 14
56 60
73 76
17 29
87 74
56 59
52 56
72 76
61 17
19 34
33 85
86 31
91 24
20 40
57 78
91 12
15 64
32 62
69 52
56 78
58 47
79 12
75 29
42 50
14 88
57 18
88 10
17 87
38 15
86 54
5 22
47 54
63 44
13 27
50 76
55 39
18 50
83 40
47 87
45 67
68 70
28 76
84 81
44 37
29 27
88 67
21 39
41 74
30 43
70 15
85 64
78 38
12 37
36 82
61 34
86 67
2 79
41 12
73 77
59 2
1 34
34 79
35 44
25 55
52 86
80 47
30 83
13 20
75 66
74 75
83 26
33 87
66 33
60 8
69 83
30 70
60 13
38 41
54 67
73 88
10 73
77 88
6 15
23 80
40 47
2 31
14 81
45 85
46 5
10 51
31 60
67 17
11 90
83 60
77 35
66 82
44 4
75 88
38 69
42 73
47 45
26 42
72 56
72 38
76 91
91 32
7 77
3 56
81 55
81 81
67 61
52 78
8 81
5 63
3 41
86 14
83 45
41 17
61 56
47 35
56 76
56 3
37 29
51 3
17 42
73 63
13 82
46 67
1 35
85 5
39 61
33 14
38 52
73 57
87 41
10 16
56 34
10 58
49 32
51 37
61 82
10 60
10 63
10 8
21 56
16 12
43 10
12 70
14 67
46 62
39 51
89 78
43 9
48 71
59 42
6 47
61 91
84 43
42 23
82 64
70 68
29 51
42 53
90 69
73 36
47 34
64 66
24 38
54 22
34 75
78 19
1 44
39 83
77 78
7 63
12 5
74 41
15 34
18 70
89 69
49 81
11 23
66 62
50 75
30 49
11 40
26 60
88 38
71 34
18 67
26 56
76 17
26 10
66 40
78 20
67 45
44 74
40 8
30 32
20 87
31 25
4 61
67 8
63 62
32 86
28 64
65 49
26 52
65 20
75 73
5 69
11 17
43 73
90 35
27 10
69 60
33 36
33 12
45 38
32 15
24 46
66 35
76 13
1 16
79 78
37 19
49 75
66 36
49 78
64 47
9 54
82 18
48 83
7 83
49 21
81 25
83 70
68 79
41 46
78 61
60 25
30 23
75 33
3 14
41 63
2 27
12 68
87 35
59 34
67 7
71 37
42 15
34 6
42 24
57 32
81 16
22 18
87 77
74 88
60 87
8 70
43 85
21 82
73 47
53 14
39 28
59 54
58 55
51 83
46 80
64 10
72 30
1 39
51 36
66 7
57 22
36 3
78 84
89 66
30 40
26 23
44 27
55 85
63 29
34 29
57 21
17 8
62 34
20 50
90 60
39 8
75 4
67 20
71 52
55 54
59 70
39 89
8 80
44 50
62 23
21 22
56 5
55 22
11 2
14 64
27 79
10 78
8 15
7 13
46 39
87 66
31 53
1 14
88 29
37 21
25 62
73 25
21 42
20 37
41 38
7 53
73 60
75 65
1 91
74 82
51 61
66 58
59 39
49 39
46 77
54 70
30 61
55 82
82 16
73 61
53 35
3 27
54 34
5 54
70 66
87 67
64 28
57 91
30 19
75 23
84 38
3 91
37 34
8 36
46 89
69 40
57 1
19 78
33 37
87 82
18 79
8 67
1 64
18 25
64 49
5 76
10 64
56 7
65 84
64 18
55 78
4 70
90 24
33 17
12 32
38 86
62 63
87 9
55 8
83 62
17 62
76 31
70 23
43 77
56 9
23 31
2 37
49 57
1 51
39 44
20 20
87 64
43 80
56 19
5 9
46 52
44 33
77 18
53 8
26 53
66 3
58 74
14 33
33 66
34 80
36 1
4 47
31 42
9 48
78 8
91 87
42 3
34 1
46 12
73 2
83 86
19 42
56 45
90 89
58 25
90 27
44 35
3 52
22 69
53 40
38 61
33 28
5 83
63 33
29 42
56 27
43 47
43 22
55 9
68 91
90 4
73 58
22 41
18 4
29 71
86 41
7 2
9 30
80 23
50 52
7 56
11 13
31 72
51 19
73 14
78 34
64 31
19 1
25 47
63 9
91 25
59 84
13 42
80 46
19 61
22 9
11 89
39 10
42 7
77 91
67 65
40 37
19 60
62 13
52 84
78 87
91 6
83 58
1 10
56 54
64 15
11 41
28 53
52 42
31 82
14 85
26 79
85 33
18 16
78 56
23 87
23 69
63 91
39 9
18 90
27 49
89 52
77 59
60 38
43 2
54 6
58 34
40 72
62 39
61 29
89 83
81 4
72 45
37 31
26 7
34 69
11 24
6 31
11 86
2 42
23 34
74 27
17 59
35 31
24 84
65 73
26 6
27 39
51 87
81 61
1 18
69 22
73 9
38 78
68 17
35 50
35 83
73 52
31 88
1 72
35 53
54 36
25 73
68 64
77 47
67 53
6 18
47 6
11 39
11 87
81 59
90 72
66 86
89 77
27 90
64 78
47 16
12 44
72 39
6 6
40 87
70 80
4 1
90 13
7 86
58 53
38 50
26 47
45 72
42 74
77 52
49 3
72 57
80 5
67 6
39 34
7 3
90 1
80 74
58 5
5 61
24 66
13 35
37 27
57 29
47 82
14 70
49 56
36 14
38 81
79 79
20 21
41 8
33 89
33 75
91 8
45 87
55 87
90 45
72 26
12 35
32 1
13 44
10 31
89 41
57 14
52 66
65 82
9 86
82 60
55 44
88 85
40 22
1 69
5 47
75 91
3 30
59 53
79 70
30 17
8 14
50 37
58 17
42 37
17 74
42 48
64 65
3 2
6 40
8 19
4 84
88 47
12 57
10 22
51 43
89 59
36 8
4 48
37 51
24 13
40 36
83 82
3 86
25 59
24 15
28 25
1 8
48 81
88 65
68 24
85 67
41 24
87 43
79 13
9 36
75 69
40 52
23 52
7 52
66 75
26 81
51 30
44 87
56 88
83 13
83 74
32 47
25 79
49 42
30 45
49 80
44 84
51 89
48 56
78 83
56 4
73 12
26 15
5 52
10 39
56 28
13 21
18 76
31 73
11 15
62 31
81 75
53 34
9 57
70 41
16 77
73 71
74 84
67 67
48 12
13 65
60 71
65 64
90 53
4 21
5 73
43 88
75 64
38 58
49 50
5 45
30 18
82 86
80 70
38 6
80 20
28 4
48 9
10 9
72 7
69 25
8 16
11 65
52 21
4 15
39 4
14 37
72 70
30 89
83 47
40 57
16 80
79 2
60 32
7 72
64 51
7 40
24 35
43 76
55 76
34 61
63 20
42 78
74 30
32 28
31 84
62 14
3 18
85 10
2 51
49 82
64 88
26 17
57 72
71 51
2 38
5 5
6 85
87 28
37 67
85 35
44 53
49 58
54 79
52 48
10 20
52 57
56 58
62 2
23 68
38 13
67 63
81 83
58 73
32 57
75 42
13 23
24 2
58 57
69 4
74 37
82 90
3 45
22 6
60 27
58 26
53 13
66 84
28 86
57 77
76 33
2 22
84 16
77 71
26 14
20 73
48 65
28 67
63 84
82 79
56 25
65 23
74 28
50 2
51 48
8 13
79 21
60 20
6 19
75 27
30 2
72 53
22 44
20 44
67 52
58 23
24 64
67 34
73 87
26 57
71 32
32 8
17 57
18 82
48 8
72 77
2 5
60 65
59 63
55 45
57 61
59 18
82 9
18 48
68 4
90 2
15 32
80 64
38 16
84 44
23 14
81 35
72 15
17 47
68 61
36 23
41 15
17 53
41 83
21 55
55 68
33 61
9 6
5 44
71 87
19 57
4 81
78 15
67 68
27 35
5 85
21 69
34 65
16 89
11 3
66 90
62 56
20 63
46 43
53 44
86 74
75 30
36 6
79 7
80 2
28 70
80 15
11 20
83 50
63 88
32 63
29 68
64 8
31 13
37 18
25 90
65 13
78 54
80 10
48 39
6 26
2 70
7 41
12 19
2 20
57 24
29 35
70 73
63 68
70 13
28 60
72 33
86 26
70 76
61 3
13 72
68 37
35 35
3 79
22 80
74 61
88 22
25 85
34 68
13 56
12 66
43 43
82 75
35 78
54 14
45 55
36 22
8 8
46 54
49 87
62 40
60 55
24 53
86 61
44 82
22 63
87 76
76 37
24 51
36 90
52 52
12 12
43 74
81 32
5 39
5 3
35 52
64 9
57 59
51 23
61 74
5 20
51 15
8 64
35 54
66 44
21 47
21 8
66 67
62 47
19 15
61 25
45 23
18 64
41 26
40 26
84 27
10 27
27 44
66 71
56 67
26 2
45 46
29 5
35 2
22 47
88 13
91 79
87 39
91 72
28 16
9 28
49 71
90 29
83 77
16 91
8 58
15 8
35 57
83 63
48 46
1 13
27 14
52 59
85 47
67 19
67 4
42 38
52 89
43 38
37 61
28 24
47 2
64 43
2 2
36 33
1 41
50 7
74 36
3 62
90 18
23 9
53 4
35 68
7 10
51 51
24 85
32 12
47 77
30 47
71 5
29 14
29 22
51 32
30 5
14 76
35 77
81 50
87 51
81 53
42 58
3 25
80 55
80 9
12 24
7 8
35 47
68 71
69 10
8 37
54 50
18 34
53 86
82 61
21 7
32 77
57 39
26 8
47 5
77 63
89 80
37 22
70 55
61 31
84 40
32 36
67 80
39 42
60 72
72 51
15 28
89 40
56 35
73 70
33 86
16 72
89 6
53 48
29 46
39 76
72 79
35 39
89 12
72 34
30 28
64 42
8 75
7 57
65 63
6 12
25 31
87 54
65 77
13 89
15 36
84 18
16 5
55 27
27 78
45 47
20 16
25 71
10 55
76 1
50 82
55 23
75 57
29 67
39 29
54 90
51 60
18 52
19 54
12 23
11 37
45 86
46 31
76 15
85 48
69 37
26 20
64 71
26 3
37 9
18 53
24 50
24 65
55 77
30 76
85 56
34 87
74 73
77 39
8 54
56 20
52 46
48 42
72 22
5 10
87 37
15 45
59 82
63 34
63 72
53 43
16 58
32 23
88 57
33 39
20 88
69 75
51 70
76 46
72 69
89 81
65 33
80 79
74 23
33 58
17 91
59 88
72 17
16 49
76 2
47 68
67 15
79 17
31 20
69 12
22 70
1 62
8 57
38 87
35 65
44 13
47 71
83 33
54 32
84 42
19 24
77 87
84 47
15 2
70 77
9 22
13 12
63 1
50 1
33 46
15 82
34 42
28 63
89 18
3 73
50 71
5 38
16 37
75 38
58 91
39 62
74 77
13 19
64 2
18 46
34 56
59 33
15 68
80 87
40 43
80 45
91 75
68 74
59 80
49 24
69 16
36 58
43 14
87 38
17 15
35 79
29 26
36 83
71 21
40 24
36 5
25 53
91 89
4 8
88 74
47 74
19 2
73 34
14 80
61 35
64 36
25 50
65 61
75 44
36 28
47 37
20 4
3 5
19 91
63 71
87 49
74 57
48 52
44 46
90 20
36 51
74 70
70 10
38 26
19 4
37 60
73 5
47 8
4 59
70 20
75 87
74 22
70 39
32 85
51 91
20 12
38 1
37 74
66 45
84 67
14 7
41 57
83 88
30 1
61 8
4 75
25 6
1 42
47 90
75 46
37 5
22 19
20 58
61 30
56 62
26 43
71 57
18 89
52 8
53 27
16 87
13 75
85 20
63 46
53 78
45 70
16 43
87 55
62 41
37 36
88 52
24 17
31 19
53 29
25 22
23 20
83 85
81 12
88 41
13 17
79 69
59 75
4 71
27 86
65 60
18 71
14 57
91 56
5 89
34 88
62 58
45 44
59 57
59 1
84 25
9 7
38 63
6 42
12 10
27 83
68 13
44 41
42 14
70 44
6 34
64 30
47 39
86 80
11 12
65 88
3 60
77 44
79 51
55 55
20 13
47 17
4 17
61 84
57 7
19 58
15 47
43 32
78 79
89 90
35 91
81 1
76 82
85 17
88 70
11 71
30 3
17 27
25 83
24 45
40 70
88 25
2 83
89 8
61 75
1 52
20 78
10 47
75 77
26 70
89 62
17 16
63 18
14 52
76 78
52 54
51 13
69 72
4 16
3 7
90 15
85 31
43 12
18 58
84 32
50 10
73 15
25 46
52 19
54 29
37 85
74 20
22 48
33 9
17 3
18 47
48 43
46 82
45 58
74 48
42 76
89 79
45 33
29 30
79 33
88 9
23 38
70 70
86 69
56 38
7 67
14 73
24 9
54 63
71 14
86 76
39 15
74 3
31 86
50 89
86 65
45 75
16 15
33 10
2 74
68 81
15 84
26 84
56 71
39 49
65 80
72 62
48 84
39 22
79 58
59 76
70 24
58 12
64 29
70 40
41 33
65 65
33 19
89 57
74 60
67 88
16 90
41 45
88 48
76 50
53 45
14 49
63 55
85 25
52 18
87 59
51 90
14 17
30 67
36 18
4 44
84 69
4 49
82 50
15 50
6 75
64 91
89 45
49 52
39 91
34 76
63 63
77 38
23 10
37 46
4 27
70 43
65 30
28 77
75 89
72 13
3 28
31 50
14 51
58 4
26 76
31 7
89 71
75 80
78 9
57 79
24 42
21 19
69 33
65 42
60 78
86 81
13 54
54 2
28 38
43 59
83 51
32 9
9 25
14 48
17 60
2 33
43 20
88 64
87 75
45 42
69 48
77 41
11 16
14 32
8 12
3 36
47 52
86 63
69 29
75 52
86 25
18 26
19 55
79 42
71 20
44 7
81 44
39 23
23 85
35 30
32 84
7 82
20 45
13 40
29 52
67 78
68 18
55 15
61 70
60 47
70 78
78 78
75 55
59 55
84 62
41 89
6 60
53 77
56 29
51 1
91 86
76 48
86 23
37 83
13 51
74 76
66 91
26 78
15 80
51 4
82 83
83 7
44 34
67 82
41 31
16 70
31 5
8 39
14 56
48 31
69 28
60 74
61 90
43 69
26 40
78 14
88 17
79 22
29 24
55 57
70 61
84 24
31 17
6 23
89 14
12 34
57 84
16 44
80 31
13 67
58 13
57 8
78 42
59 72
74 34
44 31
90 81
63 90
17 10
44 43
52 79
1 36
47 15
49 74
67 2
54 69
80 34
67 23
62 12
71 48
63 10
27 71
70 47
27 23
21 66
33 90
88 88
38 48
55 74
12 60
63 69
63 14
53 80
6 68
4 72
8 47
65 47
58 85
19 22
15 10
81 29
30 80
10 23
82 29
44 52
59 45
53 50
91 90
82 43
52 23
26 83
35 87
70 22
32 87
84 70
71 33
29 7
7 6
90 31
56 63
3 39
71 36
16 57
66 1
33 71
8 33
24 47
79 28
24 87
25 52
58 72
39 67
42 54
44 75
55 25
18 19
50 16
35 4
21 20
42 51
29 33
86 50
56 46
4 65
69 30
53 18
59 60
60 36
63 42
32 17
15 42
39 39
64 50
82 23
77 14
61 20
76 36
87 6
18 59
57 34
39 58
72 9
27 4
50 78
24 71
51 8
56 2
88 49
26 80
56 12
24 55
19 59
90 64
15 58
85 81
64 83
64 68
45 89
33 44
10 57
72 44
24 24
56 86
1 70
36 32
35 9
39 74
82 51
65 83
46 85
90 30
71 47
85 58
77 82
41 4
20 61
20 89
41 6
11 28
88 4
22 30
4 60
86 8
33 29
49 48
13 24
49 49
59 31
13 9
35 21
60 64
64 75
27 81
29 89
58 60
62 32
59 8
7 49
54 43
61 59
38 2
80 75
33 34
78 41
68 12
37 40
85 72
19 67
61 58
29 16
39 73
5 60
19 70
21 27
50 31
39 32
36 16
6 51
42 52
19 35
70 16
61 6
80 65
12 71
36 60
5 75
17 65
12 74
82 40
50 88
32 34
43 31
77 25
40 80
37 75
86 73
27 47
61 10
33 67
52 47
84 31
57 68
3 68
63 59
49 2
30 20
64 53
65 25
69 82
9 82
41 58
88 26
66 19
5 34
35 69
49 65
75 9
66 23
3 15
18 56
86 51
83 27
73 22
61 83
6 53
63 16
42 57
19 8
58 16
6 58
32 52
48 4
31 16
46 47
43 63
85 28
82 91
84 56
83 19
17 85
47 9
81 19
17 6
17 55
7 18
10 30
48 15
2 57
85 24
58 41
26 85
58 48
6 48
65 76
84 77
81 3
37 69
42 39
79 41
34 86
78 50
81 86
10 71
30 65
57 4
88 61
77 31
74 10
51 14
71 62
9 69
54 65
71 42
12 39
21 87
1 19
80 3
6 72
69 79
23 81
26 5
62 77
17 69
82 26
59 24
18 51
73 64
57 67
52 68
29 83
36 27
19 85
68 63
14 44
82 48
56 69
3 12
58 81
5 8
66 52
2 64
18 27
63 7
36 4
34 25
86 64
49 85
80 27
70 87
6 52
15 76
15 86
56 39
58 18
30 21
45 48
43 30
7 35
64 41
72 65
3 90
2 59
45 30
41 66
83 79
21 33
48 21
74 59
49 62
51 64
24 1
33 79
61 13
32 61
5 43
35 37
86 91
43 81
42 89
20 46
68 76
86 58
61 48
74 33
60 29
38 21
18 8
77 51
85 75
69 63
74 16
83 46
42 2
75 85
55 3
58 3
70 46
61 77
58 45
48 90
23 3
54 18
71 90
56 89
72 84
19 53
71 9
17 26
82 54
69 15
50 4
7 50
35 64
25 82
67 31
63 66
14 91
13 80
65 78
34 9
23 6
83 36
76 65
90 51
47 50
74 39
88 43
86 34
55 19
5 14
60 81
38 8
27 91
91 74
15 43
69 39
3 26
32 54
80 89
91 78
44 86
28 40
80 50
48 89
62 46
17 1
32 27
88 55
41 81
62 26
60 39
90 61
35 32
43 75
57 28
71 86
32 89
14 14
55 21
59 85
23 83
88 12
39 46
60 26
58 59
12 79
1 23
29 90
2 71
31 55
54 73
83 41
23 18
4 50
48 87
19 38
78 73
45 57
22 86
80 13
68 89
62 79
74 7
18 22
40 66
26 12
51 78
43 87
87 68
74 15
37 63
30 41
27 88
90 82
76 27
23 15
27 24
47 1
37 82
26 39
16 45
40 10
30 30
89 9
16 66
33 52
68 1
49 9
87 3
42 72
75 86
40 61
87 45
22 27
59 28
85 15
43 41
65 2
25 51
20 62
66 76
50 83
56 10
31 1
86 33
6 14
8 49
33 23
79 37
46 13
82 2
13 18
71 26
69 34
55 7
38 47
87 84
9 81
26 37
8 27
39 72
55 24
86 40
13 52
67 84
28 35
45 1
23 25
79 44
58 90
14 72
74 4
57 19
61 5
9 88
18 39
5 36
89 28
86 36
57 81
38 77
38 54
33 43
16 52
26 25
51 20
85 29
22 67
76 42
47 51
52 61
54 51
12 31
42 17
90 42
91 45
46 34
81 56
78 59
48 29
6 56
2 56
46 30
8 78
11 27
6 65
3 82
18 61
74 68
28 21
38 57
13 86
4 19
11 44
17 4
30 91
52 71
13 84
12 72
69 55
68 73
47 43
67 79
66 61
79 45
48 36
48 41
39 21
40 9
44 88
69 69
46 10
38 66
86 75
53 26
22 65
65 5
22 37
88 7
58 79
9 10
86 79
25 19
36 34
49 79
75 39
35 72
84 86
80 56
8 3
89 25
11 62
50 70
61 32
59 81
8 2
42 61
69 87
56 80
88 89
39 43
5 74
66 13
68 58
86 56
43 70
10 13
21 29
57 60
56 82
26 89
27 68
87 23
72 86
31 57
44 6
35 56
19 32
6 76
70 82
81 46
73 68
54 42
73 23
45 64
1 71
85 41
35 12
21 89
55 16
55 30
71 64
62 69
13 43
16 51
44 45
48 16
14 1
87 40
36 59
81 60
80 37
30 68
56 17
15 51
62 22
29 91
68 41
49 53
63 50
23 89
52 50
62 65
32 7
62 54
19 87
69 86
26 18
18 13
68 80
44 20
28 12
48 59
34 63
40 60
90 21
3 4
20 9
7 38
38 56
18 72
57 38
30 90
61 14
75 83
37 73
6 78
50 38
22 7
57 56
3 44
78 5
50 20
9 41
85 53
38 75
71 82
52 36
12 85
41 25
40 21
77 74
91 43
39 81
90 87
59 67
81 90
13 46
47 62
36 72
17 68
36 70
4 24
65 40
66 2
66 16
21 52
22 29
45 50
16 47
77 37
74 13
69 17
65 14
19 51
28 5
27 63
19 89
30 71
27 36
19 19
27 3
62 64
19 10
80 73
16 56
28 31
84 17
49 72
38 49
23 48
22 24
83 20
15 57
76 69
82 36
17 40
79 84
84 7
38 83
80 12
33 25
39 63
62 24
78 13
12 18
45 41
24 77
66 51
17 70
90 76
51 41
42 31
69 80
85 57
11 67
76 21
6 88
21 37
90 46
89 89
7 21
57 69
26 16
25 36
12 77
48 61
48 32
1 53
82 31
7 91
75 82
65 7
25 7
27 61
26 38
53 90
61 15
87 78
60 44
18 24
8 7
30 64
91 58
74 86
80 39
44 73
42 66
8 66
21 57
10 84
2 76
27 37
38 39
57 35
30 38
43 53
31 85
11 82
44 23
25 8
28 84
62 55
72 36
12 14
84 5
87 42
40 4
42 59
77 36
52 91
67 22
28 19
26 46
2 32
22 85
66 66
5 41
26 82
65 18
85 12
83 84
67 26
44 2
21 65
9 31
58 44
63 49
44 28
55 2
32 25
36 52
54 71
64 77
12 15
49 44
89 24
68 69
83 29
69 58
9 13
45 56
8 28
2 6
55 69
85 82
12 82
29 45
2 61
83 76
1 87
5 57
13 83
88 30
83 56
4 23
55 84
81 6
59 13
74 44
29 41
31 87
89 29
67 54
60 68
55 59
43 35
71 63
78 70
80 33
34 81
48 82
74 45
62 75
67 75
71 41
1 27
43 83
10 32
57 70
30 74
45 4
62 48
50 42
13 63
1 78
84 64
12 65
22 22
49 68
86 37
91 64
33 6
27 84
86 17
61 64
27 60
87 19
71 3
27 5
50 8
2 80
36 66
52 69
28 27
24 57
65 1
55 66
34 34
79 31
48 73
80 43
9 77
90 91
55 20
84 2
87 1
75 50
52 73
71 76
72 32
52 51
45 43
65 57
22 83
3 42
15 48
73 41
87 14
21 84
36 55
17 77
72 71
89 36
68 75
22 2
58 62
37 47
11 66
76 59
29 15
65 43
12 88
8 29
80 68
7 79
31 30
50 60
72 20
63 74
14 12
8 41
85 83
65 86
1 12
63 12
89 10
13 59
6 46
40 3
25 43
31 90
87 15
47 61
22 35
46 14
90 66
7 60
87 52
42 68
72 1
88 34
68 14
14 59
59 15
30 53
7 69
28 7
68 26
58 1
83 43
6 64
62 84
67 58
18 55
68 78
15 73
72 54
45 2
34 24
70 85
31 29
51 66
83 71
10 6
19 65
1 25
29 48
30 42
70 52
66 78
74 29
64 89
33 68
58 2
81 40
18 83
17 33
74 25
86 10
77 26
84 79
30 54
69 35
91 37
50 48
12 91
19 69
23 71
23 32
27 69
26 13
72 2
44 51
75 7
68 7
29 4
32 19
47 23
91 91
4 76
84 82
75 20
14 6
86 90
25 49
58 87
38 10
86 89
17 34
66 73
32 24
62 85
48 86
43 50
41 86
65 29
51 58
55 40
32 70
4 88
45 3
53 5
90 84
4 20
29 73
7 16
78 12
7 76
71 89
5 30
89 44
34 43
30 86
50 79
26 72
6 55
68 84
71 88
88 28
3 65
75 59
48 74
50 46
6 63
27 55
14 26
59 19
89 27
51 72
43 67
37 66
44 38
46 4
18 85
14 82
39 24
87 32
29 39
88 31
77 16
22 36
59 40
19 36
25 41
78 36
20 41
77 85
27 8
9 8
81 31
21 10
16 81
40 50
30 34
85 69
42 85
2 58
24 62
67 70
35 13
91 30
32 48
74 69
57 33
75 37
51 79
52 90
69 50
54 23
40 7
14 43
78 3
5 65
27 28
7 78
6 39
91 82
24 54
28 85
46 75
60 91
71 70
3 72
54 78
46 83
23 30
72 3
59 7
29 61
18 2
17 48
40 23
69 73
60 53
18 69
84 50
86 24
8 34
61 4
78 49
84 55
83 38
34 7
63 41
2 84
84 87
80 71
46 84
46 22
42 87
84 22
91 10
19 71
17 83
65 52
9 70
74 17
62 82
27 30
20 74
19 77
61 45
60 40
9 26
89 50
3 76
77 64
13 68
84 89
46 81
24 20
60 6
10 62
90 68
36 61
4 80
20 80
45 82
5 17
22 1
72 80
20 39
56 18
30 57
56 85
27 13
74 71
62 35
1 66
35 48
29 9
38 59
20 38
60 24
46 42
45 15
91 17
9 40
74 9
50 39
53 17
80 52
84 72
81 21
40 81
24 23
18 21
6 30
3 69
63 31
46 71
87 70
91 2
24 34
21 72
35 84
12 9
80 76
85 45
31 47
47 75
59 83
69 32
23 73
59 91
61 49
66 38
80 66
15 26
24 39
24 81
27 85
41 22
37 64
83 25
55 47
7 62
79 40
35 74
72 35
13 4
75 6
24 88
21 18
46 2
16 41
55 63
34 60
5 33
83 5
34 90
13 7
67 36
66 18
69 89
5 25
14 54
85 66
30 51
48 20
76 81
23 16
87 83
52 13
1 47
67 64
45 18
90 67
65 28
5 21
49 54
64 17
58 70
81 49
83 16
14 65
82 69
5 32
86 83
66 41
58 7
41 43
1 63
70 17
29 88
90 8
61 23
18 3
22 62
62 91
62 25
1 67
63 52
73 51
76 22
39 1
21 77
26 21
70 75
90 54
83 87
77 90
88 73
57 62
38 65
44 25
17 31
15 20
87 2
85 22
38 43
50 72
23 74
62 50
88 42
86 16
8 22
84 84
45 51
52 14
32 32
24 49
4 41
58 52
78 24
19 3
62 16
81 23
21 40
4 37
85 86
88 16
60 76
80 86
65 91
77 60
17 64
19 30
18 44
43 3
47 7
56 53
87 72
42 65
28 91
55 72
56 36
57 86
52 34
50 17
9 51
23 90
9 20
23 66
81 24
41 27
41 48
3 31
41 28
58 20
61 16
50 59
67 72
36 64
66 69
90 26
6 82
51 50
25 40
47 10
70 3
52 16
66 48
73 45
42 32
91 51
75 71
9 72
69 9
79 90
86 39
21 9
10 88
51 24
52 87
51 86
24 29
51 55
33 74
27 74
91 9
15 30
15 75
11 21
39 57
40 38
20 75
18 91
26 19
47 88
16 36
21 81
58 21
29 12
43 89
91 65
70 84
34 49
1 54
11 31
68 87
69 27
45 76
9 34
80 7
16 62
44 55
36 21
33 50
61 33
31 6
35 67
19 14
48 76
86 66
7 33
80 14
78 23
54 68
2 63
26 54
91 13
12 2
21 63
79 81
37 59
80 30
54 66
31 12
55 51
69 91
63 5
84 51
73 80
22 28
71 79
85 13
13 13
42 63
68 83
40 29
63 57
27 53
59 68
14 39
79 46
65 75
15 27
91 55
46 64
43 36
26 64
75 75
2 65
87 65
22 38
43 27
17 28
50 58
28 29
25 87
13 48
38 55
31 26
30 50
62 15
37 71
76 87
20 66
19 37
18 35
18 45
90 86
9 35
54 72
11 69
5 90
39 85
35 5
90 19
89 54
47 57
25 72
24 18
52 6
86 9
77 50
27 65
25 69
59 46
29 40
68 10
61 1
89 68
56 66
82 21
79 87
82 17
4 51
76 25
14 71
11 38
20 19
26 59
31 48
46 69
17 24
44 32
8 44
64 86
84 65
67 18
57 17
25 65
80 62
61 89
19 44
73 31
81 20
53 42
12 62
85 51
18 86
2 72
8 68
90 58
51 2
78 16
1 46
5 78
89 19
69 43
50 56
50 67
65 19
72 68
11 46
10 82
71 59
21 60
64 81
16 20
65 38
8 50
30 48
53 83
31 39
23 1
39 88
80 41
42 91
52 3
14 24
38 31
6 27
74 2
6 25
10 38
7 15
6 77
16 6
63 32
85 60
9 46
76 9
82 49
4 2
65 10
46 53
3 1
75 34
42 75
54 89
16 17
8 72
42 45
11 6
20 56
43 42
3 13
53 47
38 22
32 50
51 80
69 59
17 63
41 61
27 77
43 29
6 16
9 12
72 43
50 15
3 47
26 24
21 5
80 24
58 75
4 3
27 27
39 6
89 72
85 54
11 4
20 7
14 86
25 54
89 26
52 74
35 28
65 89
41 78
68 23
61 9
14 87
33 57
89 5
70 69
16 83
19 88
7 42
13 90
1 45
38 12
13 66
75 41
62 61
82 30
36 29
14 53
46 58
33 88
15 40
50 14
89 42
37 26
91 49
79 10
39 14
57 58
32 78
47 67
50 3
28 28
68 6
76 35
32 33
56 33
24 30
91 57
10 69
56 14
5 2
60 34
87 27
20 81
20 91
42 13
77 84
60 77
13 2
30 60
44 70
78 90
31 91
15 16
26 48
27 32
13 74
4 39
33 33
39 84
86 32
5 48
2 53
34 31
13 15
23 22
36 85
78 26
4 34
13 81
34 27
25 4
87 8
61 86
2 1
37 44
55 48
80 78
89 32
61 88
9 62
20 22
1 76
88 79
43 72
71 44
43 65
56 42
45 53
18 60
86 68
90 22
74 83
32 66
91 34
54 13
51 17
12 84
39 56
76 55
21 31
32 75
33 30
72 59
91 14
73 50
31 61
40 58
46 88
7 80
68 43
73 8
88 50
50 18
8 46
35 15
22 59
36 49
50 35
70 28
77 46
68 68
83 69
36 73
23 61
75 5
81 82
42 47
30 16
25 66
78 31
6 74
88 90
70 56
90 57
77 24
50 33
31 71
41 3
90 3
18 75
59 73
59 77
66 6
76 29
17 38
90 70
89 67
26 88
56 64
21 17
22 71
35 18
32 16
14 38
81 34
43 18
16 55
85 4
34 62
84 23
88 23
49 30
44 1
28 37
89 63
76 20
82 72
31 32
49 91
37 24
7 87
68 56
75 10
85 88
49 17
85 23
2 30
90 80
27 87
10 43
3 78
21 50
17 36
33 20
8 21
34 39
32 6
46 28
47 53
58 8
41 16
91 29
51 25
24 73
9 5
12 22
22 39
34 67
2 48
85 43
63 43
79 20
5 7
72 60
15 41
52 83
74 43
8 48
37 25
89 22
75 60
51 54
65 22
4 57
25 12
63 39
50 51
84 68
22 76
7 31
27 80
8 26
83 23
89 87
68 31
51 5
69 54
2 52
1 26
40 15
29 19
43 54
14 20
19 13
86 55
54 28
2 25
19 50
73 86
13 36
82 66
16 2
67 85
75 19
35 34
56 68
21 91
69 1
11 85
20 29
18 30
86 4
56 23
88 84
7 89
20 90
9 3
9 19
80 88
37 38
51 63
51 21
15 4
37 45
10 79
33 83
21 34
43 1
35 63
76 16
89 74
45 32
37 42
52 72
5 81
88 58
1 21
24 12
89 23
66 14
1 48
13 3
40 16
10 24
49 31
77 28
82 7
3 46
44 18
16 40
71 43
32 10
89 7
48 27
72 21
88 69
20 2
73 21
84 46
65 48
33 48
49 88
32 83
35 75
30 44
3 3
53 70
27 70
33 77
25 26
78 85
1 55
13 8
31 15
53 52
2 73
82 44
80 36
32 31
84 4
88 21
41 79
51 12
37 65
79 55
9 15
54 5
69 47
40 17
24 43
13 10
18 66
77 20
55 38
9 75
16 10
5 72
90 77
38 53
52 28
72 8
36 37
43 64
40 49
82 45
69 3
9 67
84 63
20 36
54 59
8 40
77 83
48 63
28 88
35 10
71 18
47 36
30 26
39 31
45 80
13 73
38 23
23 26
44 63
47 21
60 2
16 25
44 85
24 27
16 34
24 89
63 47
91 53
84 35
82 63
24 8
26 65
3 50
75 81
44 56
90 23
74 79
37 79
58 29
85 55
22 72
32 73
30 59
23 7
53 57
75 17
1 56
42 6
17 84
18 81
82 37
87 20
44 12
77 61
42 84
54 12
34 12
28 73
90 74
53 67
57 89
27 76
20 52
79 56
45 31
17 58
80 17
31 49
55 49
51 76
62 60
16 78
49 70
40 27
58 82
49 36
8 52
87 29
61 62
77 22
32 45
65 50
44 71
67 27
58 10
11 51
17 19
71 73
59 78
4 86
28 52
37 90
14 28
15 79
76 54
48 5
15 7
89 73
18 78
86 42
91 35
55 52
30 31
29 53
30 58
61 36
3 38
58 78
41 34
65 9
70 12
40 78
70 89
63 30
20 51
34 3
87 33
36 81
46 15
25 81
60 60
21 51
72 28
9 9
69 85
8 60
61 37
11 49
45 22
37 77
3 9
50 26
15 12
35 82
16 88
80 60
71 75
60 35
61 44
71 19
64 67
30 10
53 72
56 16
13 71
28 15
51 57
23 41
71 67
70 64
15 24
28 61
47 78
52 41
5 35
32 22
82 47
57 49
62 80
65 12
53 63
20 59
4 83
66 65
23 49
38 68
80 63
45 62
3 20
46 1
83 12
62 76
27 56
46 37
76 8
91 71
43 57
43 68
6 43
91 40
47 4
72 52
35 80
22 8
72 75
8 20
65 67
85 78
83 3
87 90
19 29
9 84
39 7
86 62
24 91
57 43
36 89
36 15
87 60
6 73
91 39
80 44
20 65
23 77
50 24
87 21
60 21
60 83
29 58
37 17
82 53
33 82
64 34
80 53
61 46
64 52
60 86
69 2
34 13
40 89
18 88
85 40
68 15
18 42
24 74
72 14
3 23
62 18
87 53
84 15
51 59
78 39
75 47
16 59
29 3
14 45
81 10
37 55
12 53
70 71
57 12
51 88
36 26
71 13
42 26
15 60
66 28
8 69
12 47
67 87
54 54
37 81
76 7
47 60
72 73
31 68
34 18
59 20
62 70
36 71
43 33
85 74
18 1
43 19
22 90
56 30
25 39
25 74
75 25
5 12
84 53
14 90
41 75
48 3
32 53
1 40
67 25
88 8
45 91
82 14
40 68
46 32
79 89
69 88
28 90
3 84
80 69
17 39
68 38
61 76
42 36
65 87
39 53
60 49
41 36
11 35
28 30
19 12
64 80
62 33
76 90
13 58
70 50
14 46
82 87
89 88
91 42
27 2
79 50
3 37
27 40
23 88
82 65
12 55
19 90
14 41
84 54
91 81
81 85
60 41
14 19
9 61
91 36
52 4
2 66
78 58
83 90
64 21
39 86
81 72
79 6
81 8
11 50
1 6
17 75
73 26
43 25
11 22
30 56
77 76
72 46
59 71
67 83
65 34
35 3
54 58
17 43
78 74
25 14
11 63
86 49
63 37
69 36
70 37
23 12
15 88
45 19
22 23
57 74
14 34
5 88
20 68
86 47
41 41
62 29
36 77
36 87
58 69
4 62
14 89
50 57
23 86
25 70
17 78
5 64
29 65
40 13
36 76
69 49
21 79
91 4
29 38
17 51
74 21
43 78
62 20
58 43
65 54
8 30
62 36
69 81
51 26
22 20
50 54
79 27
69 57
86 38
38 27
86 30
22 33
25 64
43 62
78 30
38 7
31 36
15 9
1 88
63 21
88 60
66 55
65 35
16 75
25 67
47 89
34 48
68 36
71 35
38 38
9 50
13 53
59 61
40 53
17 9
44 21
27 17
51 77
63 67
18 63
54 37
54 3
30 35
54 41
28 62
9 64
73 27
79 5
22 68
42 40
56 41
38 84
56 8
31 45
22 25
43 60
11 74
85 46
7 46
4 90
27 48
59 58
16 65
1 75
73 54
51 10
67 3
11 61
50 28
62 37
50 63
28 9
31 33
3 53
85 65
25 2
81 87
33 41
86 13
79 32
47 46
73 82
5 56
10 3
18 77
67 21
57 25
24 48
80 67
55 37
56 74
84 52
82 70
20 15
85 21
6 67
76 28
24 67
59 16
56 70
87 56
83 39
73 44
29 34
54 56
5 55
18 18
64 4
38 4
79 19
88 33
70 6
15 90
13 50
51 7
37 86
3 43
16 16
9 23
82 57
17 90
5 50
33 18
57 80
40 91
1 59
21 53
67 46
91 44
27 64
56 40
85 2
18 20
4 74
3 8
69 8
5 28
32 51
88 76
41 72
87 89
34 30
76 61
41 76
89 55
67 28
88 19
46 61
58 54
35 61
41 56
61 24
66 53
26 69
37 54
73 17
28 80
35 45
66 5
16 71
67 89
86 27
38 37
80 77
71 10
2 69
2 86
59 66
29 28
1 58
2 67
77 43
10 48
81 57
4 29
87 31
83 24
22 32
35 27
78 47
69 23
33 40
78 65
88 62
58 35
67 5
45 25
13 77
42 81
41 67
22 21
13 91
41 69
90 33
20 48
64 40
66 85
40 75
20 85
49 55
60 15
61 73
57 31
65 31
47 27
28 51
60 52
19 28
46 48
46 87
75 40
69 62
22 58
27 89
53 2
22 5
2 85
2 9
79 36
59 22
11 10
18 32
36 67
74 74
78 18
57 27
33 55
61 79
17 67
52 77
33 22
22 82
26 74
56 52
15 44
43 52
79 34
74 66
77 33
11 70
2 13
82 38
22 57
22 81
52 31
57 37
16 7
74 89
9 87
40 85
3 88
54 19
82 73
40 14
71 27
90 39
10 50
59 56
59 41
81 66
54 44
62 7
71 7
45 7
2 75
90 34
8 10
35 33
22 55
70 34
71 22
64 16
70 54
5 51
51 9
68 42
10 19
42 70
55 71
25 77
53 19
59 17
42 29
72 18
83 75
7 5
32 55
44 78
83 91
46 23
55 60
20 86
87 48
25 27
79 4
47 91
72 88
41 68
19 27
22 77
63 73
68 25
46 19
14 27
87 47
27 6
28 69
71 50
34 72
88 36
4 12
48 51
47 49
56 47
24 14
30 63
64 72
53 75
83 83
24 5
65 17
5 53
81 74
7 74
65 56
70 32
81 7
38 42
26 66
4 31
51 71
35 24
90 7
45 6
60 58
40 5
19 21
51 62
81 71
60 80
31 46
36 39
43 51
48 6
70 59
10 36
36 48
59 5
61 39
79 65
45 78
4 25
36 13
36 46
82 15
8 59
87 25
59 86
27 62
40 1
65 46
46 7
65 58
20 77
60 67
74 6
16 8
14 5
3 55
12 61
40 74
8 6
74 87
33 59
60 23
17 23
82 85
59 69
20 34
70 26
2 54
60 69
34 57
55 36
34 20
66 89
55 62
73 75
79 52
61 65
41 13
76 45
23 62
55 14
55 4
38 35
29 62
68 88
60 70
70 42
83 8
16 24
56 13
54 27
83 61
19 18
46 66
76 19
10 59
82 74
31 80
74 42
69 84
63 87
71 12
63 77
16 1
65 53
63 28
83 15
4 53
63 89
10 87
88 40
65 72
15 21
34 77
78 64
88 15
69 46
86 57
52 2
66 56
63 23
78 68
15 69
76 83
30 88
25 44
1 49
1 31
40 88
50 21
49 13
91 27
81 9
9 42
16 76
36 9
27 18
74 62
78 91
33 35
86 12
73 53
79 23
8 63
12 80
15 19
88 14
29 50
41 7
52 82
27 45
34 54
52 26
27 29
63 8
56 32
82 20
79 49
81 91
6 59
42 55
8 56
28 23
23 33
27 82
4 9
38 91
1 4
73 6
91 61
46 74
16 60
66 17
3 19
12 36
41 51
24 90
3 87
43 23
77 86
77 81
34 36
33 76
19 49
61 51
62 51
4 26
82 33
16 18
62 43
41 55
64 62
23 23
13 70
23 63
79 29
45 52
71 8
59 64
17 20
49 29
56 65
62 52
19 16
25 5
53 31
40 76
54 1
7 14
7 36
76 3
55 61
7 23
53 53
24 33
85 38
25 16
55 5
55 35
57 65
61 19
54 21
78 57
76 85
50 53
75 8
20 32
53 54
54 17
55 28
30 72
21 2
45 36
67 32
1 24
7 17
53 88
23 53
88 66
67 12
29 56
44 64
80 4
87 71
58 61
22 17
46 73
38 20
18 73
62 71
49 76
3 71
45 77
12 1
63 81
77 66
81 26
64 1
88 83
33 60
22 34
73 55
65 41
89 46
70 8
13 25
10 77
72 23
63 86
60 50
39 25
53 69
66 37
4 89
30 6
77 40
11 52
49 47
8 5
9 85
32 44
40 39
73 73
36 36
15 35
78 22
50 23
18 6
6 79
1 50
59 21
2 40
21 88
14 84
68 85
1 22
44 42
54 86
3 66
53 6
58 76
53 58
51 69
28 57
39 45
14 31
57 23
44 47
11 47
54 53
81 5
56 24
65 51
61 63
38 45
69 56
32 4
86 19
71 28
91 73
43 21
53 64
33 13
85 18
33 70
84 83
23 46
15 6
79 64
9 76
59 30
8 62
37 70
34 59
59 10
76 71
86 20
53 73
26 68
74 24
89 30
82 46
63 53
61 78
67 81
76 10
28 41
38 89
15 87
2 82
27 21
31 74
61 71
59 47
4 56
79 57
7 51
49 15
83 42
87 79
91 1
82 41
58 6
20 25
62 30
75 16
75 45
68 45
32 65
34 82
50 6
21 54
31 77
66 21
80 22
60 59
53 79
57 6
66 30
91 5
39 26
1 5
77 58
83 66
25 35
2 60
79 61
84 57
47 79
30 75
5 68
71 60
11 5
50 36
5 42
65 71
4 14
36 20
79 59
66 77
14 50
80 84
78 86
59 52
46 59
22 64
24 76
52 20
63 61
77 17
31 27
49 77
20 55
50 9
14 29
56 83
25 45
59 65
67 57
75 54
10 56
28 18
52 81
86 29
70 25
76 32
11 56
54 9
53 22
37 68
84 39
14 13
80 80
82 55
35 85
35 70
62 1
9 80
62 78
68 82
66 47
72 29
84 14
39 87
78 32
74 8
30 24
59 4
44 49
55 81
54 57
91 16
70 7
7 32
79 66
23 56
70 91
57 87
91 77
30 29
50 22
36 78
79 14
78 51
66 79
88 51
53 62
82 39
27 15
90 38
29 32
69 78
23 47
21 23
19 62
27 25
17 49
51 16
23 13
33 4
22 53
36 25
46 41
3 59
5 77
68 20
17 45
5 29
77 48
69 65
65 55
8 84
3 24
76 76
7 68
71 54
9 2
37 23
28 78
35 29
73 19
52 5
56 87
67 66
26 30
52 30
15 74
34 40
47 73
72 5
34 38
52 44
22 4
36 68
44 17
43 16
54 26
25 13
76 52
89 13
14 21
26 73
3 48
61 26
87 26
45 49
40 54
86 86
62 66
55 43
43 28
74 18
2 68
91 48
60 12
25 63
70 86
55 17
32 91
65 70
11 79
60 43
47 26
43 82
77 80
29 20
91 59
89 60
91 3
37 12
66 74
82 82
38 19
83 14
54 87
10 35
89 20
36 47
68 54
77 53
53 25
68 39
11 45
52 65
41 80
43 71
57 47
52 7
76 12
59 25
67 10
41 40
39 55
26 44
9 18
70 79
89 21
72 49
57 40
69 44
19 43
69 74
28 34
68 35
28 22
75 78
24 31
31 69
23 40
31 34
35 42
83 49
26 26
46 78
61 21
60 63
55 26
61 28
8 91
77 57
57 10
3 29
90 44
14 22
20 49
87 50
25 3
47 58
39 27
60 56
37 56
54 15
12 42
4 43
77 30
24 56
40 42
26 4
52 53
70 2
7 12
20 31
83 80
21 30
40 82
23 8
35 20
64 25
21 86
67 90
83 30
86 72
80 72
8 4
27 34
60 3
85 1
2 90
79 54
68 9
42 71
36 24
34 51
19 73
46 40
18 5
45 5
81 65
4 28
33 63
7 37
73 20
13 39
10 21
74 58
20 53
50 84
33 3
60 48
10 10
67 39
79 48
27 75
47 69
20 79
5 6
8 79
78 66
66 34
33 21
91 38
11 64
22 61
79 15
85 61
15 77
15 23
73 62
45 37
44 48
58 24
18 41
34 32
11 83
77 54
83 44
55 75
7 29
74 72
10 67
35 46
21 44
10 80
11 73
80 83
22 40
70 36
66 46
40 30
44 8
58 31
79 53
68 50
65 36
87 62
44 24
82 1
88 63
44 22
74 52
15 66
74 50
48 26
14 4
71 65
32 60
30 14
64 63
12 48
86 3
17 30
33 54
63 35
58 30
6 83
50 12
87 88
12 89
35 22
17 76
62 53
91 7
71 58
6 84
78 88
34 15
46 76
20 5
60 5
62 49
9 78
7 44
65 68
76 14
24 82
49 7
79 8
47 65
84 19
69 13
73 69
36 19
73 74
68 19
45 68
28 36
52 40
34 73
43 34
23 58
78 7
79 3
87 22
51 84
7 19
40 59
48 2
15 70
79 71
13 30
91 22
86 52
15 53
91 85
78 82
79 75
9 91
65 3
63 2
69 71
41 82
57 76
31 43
44 68
67 76
14 36
72 19
88 78
72 85
89 16
81 62
32 35
20 54
61 85
42 18
40 45
28 65
32 26
73 67
50 55
83 73
83 65
70 83
54 91
29 21
63 56
29 77
76 80
2 43
69 76
31 14
53 56
25 1
68 46
24 7
71 25
54 38
41 47
44 58
84 90
25 17
19 64
13 34
90 73
27 51
20 17
28 48
31 65
74 31
72 48
56 51
47 28
37 4
48 57
25 60
42 21
15 56
5 86
13 47
88 75
24 86
55 6
41 77
36 63
31 89
60 45
27 19
21 14
9 52
68 52
42 34
27 72
80 82
49 40
9 21
13 69
46 63
53 23
83 9
48 44
43 4
59 51
5 23
49 60
53 7
1 65
51 75
41 32
43 26
80 8
35 38
19 80
33 53
57 16
23 51
63 75
55 67
68 3
87 44
4 77
14 40
72 67
91 19
60 61
43 7
41 21
80 1
30 12
39 64
32 3
81 43
19 33
2 44
74 12
40 28
91 70
47 44
76 39
49 66
80 6
11 58
38 60
86 85
23 36
44 65
26 63
37 20
52 49
16 4
25 48
33 42
30 22
51 22
19 63
43 24
43 90
35 36
73 28
29 70
31 18
16 68
66 20
43 13
42 83
2 46
35 19
23 91
23 35
68 44
47 55
2 8
39 18
48 66
46 60
90 78
19 82
73 42
26 32
43 17
24 70
71 91
7 34
40 44
4 7
90 47
16 27
22 45
40 40
39 38
53 74
90 14
60 54
48 75
88 44
30 8
74 40
36 86
16 23
52 62
55 31
47 70
24 26
81 28
9 32
71 55
48 85
36 91
41 88
2 3
20 3
2 28
52 1
32 76
22 54
76 89
12 81
46 38
58 68
56 84
65 62
47 48
91 62
57 64
10 66
46 50
21 76
3 49
77 45
17 32
28 68
10 52
10 7
34 74
61 72
21 21
83 21
82 35
24 60
50 69
47 25
53 71
21 41
71 68
6 36
21 74
33 15
67 48
29 2
41 37
10 37
62 74
9 14
87 81
61 50
31 83
81 88
46 91
51 73
34 16
10 28
22 31
75 43
88 24
8 42
1 20
36 2
78 33
21 58
42 8
12 7
22 13
80 61
15 67
76 62
62 72
49 19
80 58
81 70
70 19
4 13
51 33
16 30
54 31
27 43
4 33
27 20
35 59
29 13
68 49
9 43
21 16
60 4
88 82
13 16
9 45
82 3
10 15
25 32
50 73
46 51
54 10
26 90
91 54
42 88
64 69
56 56
15 91
3 54
53 1
54 77
9 55
52 80
84 36
52 22
56 75
91 50
37 37
26 61
63 36
13 87
81 36
49 38
22 91
60 7
72 81
88 81
83 57
66 24
70 33
10 14
52 63
32 18
70 4
41 10
84 49
37 49
9 63
23 59
15 71
72 87
76 26
38 82
67 9
13 60
61 69
2 26
74 5
82 56
10 68
9 83
15 62
59 87
26 29
65 24
39 70
78 69
47 72
4 69
33 16
36 44
2 49
29 17
60 51
35 16
57 66
81 39
89 64
42 69
9 90
10 81
31 67
66 25
6 35
66 8
58 28
12 28
76 40
91 23
87 36
6 62
90 55
71 16
57 41
43 79
84 80
89 82
35 41
71 71
4 82
1 90
20 8
51 40
19 76
75 79
26 51
67 50
48 23
38 32
38 62
47 14
46 86
12 13
13 22
66 80
64 35
84 61
44 29
64 14
2 47
20 83
65 69
88 32
44 19
32 49
71 24
37 14
72 6
5 62
3 75
66 50
6 7
59 59
28 49
87 30
41 44
12 16
22 3
2 55
55 79
31 75
46 90
41 5
14 78
29 43
91 52
82 8
59 62
77 77
18 28
8 9
5 67
67 55
46 79
36 75
80 32
77 72
23 44
19 83
19 74
53 89
17 17
69 70
41 23
24 59
17 44
89 43
87 12
77 49
56 43
16 39
90 75
17 89
73 39
34 50
4 10
19 5
62 5
19 84
79 60
23 21
84 3
89 85
22 60
68 77
76 23
16 38
52 9
17 52
17 12
37 43
77 79
91 80
38 76
85 19
74 63
11 53
29 44
17 22
43 61
3 35
69 45
64 23
2 16
42 28
76 44
64 48
84 10
7 45
18 87
40 48
71 31
3 61
35 62
71 53
90 17
49 8
81 80
36 7
53 66
35 89
33 1
49 34
52 75
16 73
48 22
72 12
18 33
34 19
56 91
89 17
34 47
76 18
68 16
79 62
25 56
25 86
67 62
85 44
17 81
19 20
1 89
44 44
22 52
61 27
80 21
29 74
21 46
78 52
43 66
66 4
81 69
28 87
59 9
21 35
21 15
50 45
75 74
18 12
7 71
78 10
27 33
40 79
34 46
74 47
39 90
13 62
44 76
69 19
30 33
53 46
67 86
76 56
58 51
30 81
62 6
84 1
70 31
57 54
35 55
58 83
84 88
41 54
12 52
27 46
12 54
73 29
52 24
80 57
66 68
36 84
34 5
50 91
6 17
42 60
18 49
41 19
84 71
67 41
59 6
47 22
68 66
35 14
38 5
23 37
41 64
23 2
5 66
19 79
62 90
25 76
2 24
30 77
60 75
76 72
88 86
7 30
9 33
73 37
83 48
24 78
50 85
70 48
82 58
90 28
39 5
21 6
49 22
1 85
42 79
53 15
11 75
31 24
81 64
78 45
56 48
54 4
6 71
78 35
81 18
72 10
7 27
86 21
64 56
26 75
34 83
12 73
88 59
3 74
71 2
22 79
10 61
18 80
37 91
43 56
68 57
22 46
13 76
91 88
25 28
3 21
49 51
86 84
41 39
40 64
81 48
37 8
74 90
43 91
76 38
46 27
8 32
44 66
53 24
88 68
79 82
78 21
24 41
25 23
7 70
62 89
53 61
33 72
33 81
17 46
36 30
71 78
55 73
82 78
1 84
86 45
72 37
44 89
54 47
12 41
57 44
28 14
67 30
33 32
50 32
33 27
84 8
32 37
48 70
37 6
30 52
45 79
4 22
23 65
40 86
22 12
56 15
56 31
10 90
11 18
11 25
78 17
2 21
21 28
91 60
68 33
13 45
15 61
52 27
29 82
77 67
38 72
40 35
81 22
66 81
1 80
68 27
71 72
13 32
11 43
64 90
18 43
86 2
21 48
76 58
43 46
29 64
89 58
53 82
35 58
79 76
25 10
76 68
23 5
71 74
54 74
10 2
44 26
12 75
69 14
90 50
85 27
21 83
76 63
88 77
30 79
51 52
45 26
16 28
7 25
55 41
51 82
21 24
55 89
63 3
34 33
91 84
63 27
78 80
21 70
32 72
91 66
57 57
56 6
2 78
25 34
1 7
21 59
89 76
48 47
20 47
66 49
90 65
45 28
47 19
50 68
7 81
72 89
44 69
55 70
75 56
52 88
75 1
81 41
23 67
85 52
87 4
45 69
17 41
82 71
76 4
64 84
78 6
24 52
80 81
75 49
26 91
76 41
42 35
48 60
81 51
3 22
17 86
76 77
31 76
84 73
8 82
7 26
91 47
50 40
74 49
44 81
61 81
77 73
53 12
50 61
48 40
39 78
64 57
9 39
22 43
45 35
91 46
54 24
17 73
50 74
45 12
9 56
51 34
53 55
78 53
62 81
25 91
29 60
69 18
83 10
73 30
79 68
89 61
53 37
68 29
35 26
37 30
78 2
12 43
50 19
47 56
4 63
78 75
4 52
47 12
75 26
16 48
52 12
45 73
77 62
55 32
59 35
66 72
64 27
6 13
70 14
31 3
19 48
14 25
75 28
89 65
26 22
16 13
66 88
40 63
79 24
60 82
79 1
49 37
53 36
67 91
81 52
64 61
85 32
32 5
14 47
42 44
44 79
84 78
61 55
10 18
32 38
4 85
49 1
34 45
18 31
85 37
68 62
81 78
66 9
64 87
3 64
90 63
49 89
59 79
70 9
30 4
14 2
11 42
1 57
35 71
31 70
16 63
66 64
11 1
58 50
82 19
75 53
48 34
14 60
88 3
14 66
39 77
70 90
63 17
29 85
35 76
15 46
82 28
90 59
52 32
38 85
11 55
52 58
11 48
33 7
85 71
78 29
37 7
38 33
82 34
14 42
12 29
68 67
70 35
8 65
77 15
66 26
15 17
35 66
61 2
88 39
8 51
47 40
7 43
73 10
19 40
49 43
57 83
64 12
47 86
14 83
68 51
33 49
60 33
14 23
62 8
81 77
10 1
14 61
78 43
81 73
89 70
86 7
8 77
30 66
35 90
27 12
10 49
31 31
10 91
9 44
13 33
39 30
76 70
42 64
49 6
47 32
71 39
5 70
75 35
29 18
54 80
1 81
5 24
61 61
17 88
36 57
53 16
9 59
64 6
45 84
40 83
61 67
89 33
36 80
67 37
64 5
45 9
14 30
57 5
78 71
6 5
41 14
61 7
81 67
2 36
64 39
71 46
7 85
37 84
87 73
42 42
31 51
4 42
47 42
60 30
15 37
90 16
20 82
2 29
27 42
21 36
48 13
49 26
5 91
46 46
41 90
55 34
3 40
5 80
60 17
3 89
16 46
18 65
16 32
32 79
12 51
39 48
1 33
37 10
75 70
88 27
71 81
75 21
63 26
72 90
63 83
72 58
79 35
11 81
79 16
42 4
9 68
21 1
12 33
9 66
80 35
34 4
7 48
70 30
15 5
64 45
28 1
16 69
41 9
69 38
34 78
13 29
45 20
39 54
82 10
75 90
4 32
60 37
14 16
28 55
46 44
12 64
48 25
46 3
28 81
8 85
88 37
39 19
9 49
50 43
6 57
27 54
89 31
30 27
71 38
42 12
51 49
28 44
72 72
64 3
23 54
52 15
31 22
64 19
28 20
70 63
5 31
69 64
68 8
47 84
36 79
54 52
63 19
21 43
29 87
5 84
64 44
57 15
45 40
37 58
49 46
42 46
81 76
67 43
46 35
51 29
42 10
30 85
