2 26 42
59 68 67 88 69 97 23 79 21 47 9 85 85 80 24 4 67 45 35 40 70 19 39 10 87 97 
65 12 78 39 97 66 12 6 6 91 82 51 79 18 86 3 33 31 86 89 38 14 30 37 47 58 
1 5 2 21
1 21 2 21
2 1 2 9
1 23 1 23
1 6 2 22
1 22 2 23
1 15 1 23
1 16 1 25
1 10 1 15
1 8 1 26
1 5 2 24
2 8 2 13
1 1 2 3
1 5 2 17
1 12 2 23
1 13 2 22
1 3 1 7
1 11 1 17
1 2 1 3
1 1 2 4
1 2 2 14
1 5 2 22
2 3 2 18
1 6 2 22
1 6 1 10
1 9 2 20
1 7 2 22
1 17 2 22
2 2 2 26
1 15 2 18
1 5 2 23
1 23 1 24
1 20 2 23
1 8 2 9
2 11 2 14
2 11 2 20
2 8 2 17
2 13 2 19
1 1 2 7
1 16 1 17
1 12 2 20
1 17 2 21
