59 75 77
82 90 87 84 86 74 98 23 68 98 97 98 68 40 38 85 89 69 65 37 20 10 36 81 77 54 35 54 73 69 2 79 91 21 61 35 19 84 52 16 41 49 25 85 41 78 23 20 55 100 29 94 82 61 48 46 17 73 77 12 62 8 7 65 67 60 15 68 78 40 98 53 33 61 13 
77 97 100 33 1 46 46 38 78 72 14 5 22 14 76 18 23 99 96 17 83 54 84 96 40 74 70 22 44 17 96 58 28 88 65 41 62 18 25 55 18 12 51 79 48 68 19 31 3 51 29 18 52 10 12 32 35 89 62 78 21 97 57 13 68 13 66 62 13 35 44 24 68 32 8 
68 67 84 78 33 45 94 42 6 57 78 31 61 23 51 89 37 52 35 47 64 25 53 47 28 98 74 32 76 56 41 4 40 39 39 63 48 88 12 28 24 62 67 71 76 68 16 84 57 33 35 81 15 94 26 6 93 40 53 94 70 28 17 72 2 8 12 12 1 52 84 48 59 78 34 
100 81 92 59 20 98 64 39 64 46 1 11 33 12 10 52 25 60 96 21 2 48 12 68 93 85 86 86 96 70 20 89 40 10 7 38 44 17 58 24 84 58 73 38 37 98 59 69 99 38 45 93 82 47 49 25 69 88 61 61 92 42 10 85 57 39 33 9 54 66 16 12 70 35 13 
98 36 42 88 21 18 69 13 33 82 30 30 58 78 10 72 74 47 58 85 23 93 73 86 100 81 16 96 70 95 53 24 51 41 8 37 82 32 86 83 90 47 2 32 33 10 95 73 96 14 66 62 75 88 9 97 10 77 72 74 81 74 93 19 27 66 42 64 58 11 87 28 33 12 47 
28 16 98 67 23 9 76 30 76 8 72 78 53 88 96 59 73 78 34 96 68 17 87 87 54 92 49 36 46 74 31 58 32 77 33 50 80 39 75 81 54 54 21 92 74 39 1 87 96 34 92 84 78 25 15 3 42 76 1 99 40 24 57 5 73 3 45 55 41 29 9 10 7 53 16 
60 98 69 99 90 14 99 79 51 11 4 5 73 83 86 39 17 90 63 95 75 10 93 52 60 55 3 55 58 18 66 49 88 65 21 53 25 65 11 28 48 36 98 66 8 28 48 20 3 38 96 20 54 93 83 45 70 1 75 66 41 74 40 15 32 65 5 12 1 89 9 9 31 87 57 
60 62 3 98 29 49 32 64 23 73 28 83 62 83 66 47 32 8 98 96 24 67 40 8 60 84 48 30 74 40 9 53 9 83 73 37 47 50 14 10 72 31 16 99 63 51 70 23 7 8 64 81 2 61 5 77 79 70 30 69 76 2 2 25 70 10 29 11 73 44 79 47 26 42 52 
42 55 61 97 36 67 69 73 94 21 73 91 31 68 89 28 85 16 73 34 84 82 5 80 95 2 92 19 76 48 37 28 84 23 66 5 46 41 56 12 67 33 62 58 62 6 79 66 87 23 88 76 38 42 3 72 86 4 70 91 24 75 84 3 86 59 91 72 63 21 60 83 99 98 57 
95 80 70 91 98 90 59 3 79 64 9 78 64 88 67 34 4 53 68 50 49 40 36 64 32 68 93 91 47 64 56 34 76 19 66 4 65 75 16 99 53 66 82 52 57 100 97 24 36 70 45 1 30 18 19 83 67 80 87 93 6 56 95 22 9 95 12 65 51 89 64 96 19 57 38 
80 9 57 91 78 87 4 67 61 96 46 75 32 12 25 8 91 15 97 26 28 87 51 100 91 86 27 23 75 66 43 84 99 10 60 70 77 99 35 56 66 69 24 80 20 13 25 36 92 17 27 81 65 66 99 52 62 73 69 59 44 82 91 35 28 92 55 24 96 89 26 62 56 42 81 
19 61 78 3 99 34 20 77 46 85 28 39 15 14 20 17 24 7 17 72 30 19 25 22 80 15 17 51 58 58 16 22 70 70 44 82 96 71 88 58 86 15 89 69 59 60 65 94 10 94 62 55 54 39 76 19 30 31 20 48 58 47 21 89 51 63 51 7 1 22 24 68 72 94 11 
18 66 68 91 4 28 75 87 7 46 51 50 51 52 94 24 74 24 60 30 71 33 84 27 26 33 75 22 66 52 18 55 97 75 84 66 76 78 6 41 31 82 10 49 90 94 54 99 32 28 88 1 61 44 79 16 38 59 53 32 52 68 94 60 99 43 56 83 96 33 98 46 78 91 69 
39 29 73 43 42 12 16 42 16 85 34 4 73 69 12 76 68 69 14 66 16 20 84 86 29 76 65 35 14 47 47 29 11 57 54 84 80 42 4 61 61 97 50 51 6 96 79 58 35 2 54 5 40 44 76 85 59 15 21 80 85 90 87 80 56 49 10 46 88 87 96 98 47 18 47 
11 80 20 52 86 87 39 19 39 28 14 91 1 6 21 57 54 26 53 79 7 46 80 82 94 64 99 62 94 50 99 88 45 37 26 35 12 1 14 94 25 70 88 58 78 84 9 66 63 95 56 85 68 55 17 17 39 87 50 30 84 98 4 94 63 60 91 15 68 43 55 5 66 94 85 
100 43 94 25 13 28 44 79 74 62 74 89 1 46 13 79 53 49 48 89 81 77 76 28 95 38 18 98 29 35 22 41 92 63 76 81 47 72 85 100 71 24 48 62 58 61 80 43 45 16 43 18 51 80 98 92 31 56 98 100 16 26 6 54 66 7 100 1 68 81 20 40 4 76 31 
20 7 90 20 58 20 51 69 83 80 44 88 19 3 91 76 54 54 38 66 16 16 70 23 83 100 1 92 64 41 25 80 99 99 6 22 45 76 88 87 6 82 85 21 18 77 85 90 86 24 3 83 81 77 36 25 43 40 32 38 79 35 38 48 56 11 22 35 84 34 34 44 46 26 93 
95 24 44 93 20 69 15 9 85 72 17 100 12 14 14 26 44 73 94 44 48 88 2 95 42 61 22 79 84 16 82 19 61 39 93 76 70 9 12 83 87 96 50 92 54 8 19 41 10 76 56 7 95 93 54 42 31 90 50 73 79 16 83 13 29 37 33 84 47 44 26 78 23 70 50 
94 78 66 95 32 26 98 7 44 73 5 8 91 91 69 78 42 83 31 87 61 20 60 18 9 3 48 74 96 67 78 38 31 50 41 33 36 34 90 84 56 12 10 91 94 73 84 6 54 93 40 9 80 9 27 3 94 55 18 68 32 83 39 92 80 87 2 99 88 26 85 43 34 19 14 
73 84 35 22 5 17 51 11 89 46 42 44 37 22 26 57 11 99 9 52 56 23 13 46 57 9 50 28 59 68 84 65 10 86 94 83 78 50 86 33 65 92 95 71 30 39 86 26 83 39 12 20 30 91 50 87 92 27 49 59 12 37 97 73 82 4 57 94 7 80 65 4 50 41 29 
84 16 24 48 34 14 45 92 1 9 59 67 17 14 92 55 41 62 98 42 14 52 37 56 66 15 21 98 92 14 9 60 19 72 79 12 13 70 70 37 51 20 61 6 90 26 57 59 46 86 58 53 25 9 44 18 38 77 4 56 51 73 65 29 49 64 55 82 19 85 68 38 12 36 23 
68 44 22 32 99 17 40 18 89 96 41 38 8 86 6 5 47 94 81 16 75 66 16 91 88 95 34 82 5 74 94 54 23 17 44 5 99 30 53 94 40 81 34 81 76 82 94 86 39 100 44 76 10 46 36 27 52 36 68 44 12 10 73 88 12 85 9 32 25 72 81 20 85 5 10 
1 60 37 40 2 53 36 19 60 63 58 99 69 23 39 97 80 51 52 51 91 34 96 55 50 80 58 35 8 14 89 34 24 73 14 84 27 15 77 74 90 76 64 67 48 49 10 54 48 48 42 37 35 19 43 5 40 28 95 10 68 49 66 40 31 5 17 19 19 36 72 76 63 86 76 
11 49 12 66 86 32 5 64 14 27 50 50 96 5 36 95 91 98 62 35 91 90 9 1 78 38 84 14 58 2 74 23 85 84 68 95 87 7 53 18 13 77 12 92 5 86 38 93 91 69 89 25 31 20 34 89 31 41 32 5 48 27 42 25 63 43 79 35 37 29 6 28 10 67 7 
28 69 92 60 29 35 98 81 59 97 73 50 19 62 69 76 92 90 1 32 31 24 61 97 85 17 23 44 73 69 33 47 9 42 91 85 63 100 84 95 30 88 31 13 72 50 31 73 67 43 47 19 92 88 55 2 84 97 65 53 25 16 13 81 9 1 6 7 25 87 96 52 54 58 43 
12 50 96 50 46 85 65 59 64 35 38 67 39 92 13 16 94 85 23 32 13 82 81 92 98 75 96 64 9 37 7 19 54 28 20 79 48 9 18 23 99 48 81 96 46 56 9 57 41 20 77 96 6 79 88 27 43 20 5 57 87 100 70 18 63 20 37 27 23 29 5 77 50 83 20 
29 81 59 16 58 15 38 94 60 13 78 48 92 28 86 62 21 36 71 37 75 29 17 75 78 79 77 44 7 4 31 80 77 2 11 78 2 57 31 99 72 82 11 69 64 58 100 44 79 77 49 25 49 70 58 14 65 15 88 12 79 17 55 19 85 6 56 97 43 50 56 62 55 96 60 
11 51 65 9 36 24 89 6 54 58 13 85 72 98 67 35 52 57 97 85 52 2 48 37 41 98 41 40 24 3 34 20 16 62 61 56 22 22 19 68 8 51 10 84 96 61 81 8 95 48 47 45 64 24 77 10 78 76 79 27 82 84 80 60 67 40 56 17 51 11 64 59 63 39 71 
31 85 70 84 61 85 57 30 85 88 82 42 90 11 77 100 91 79 12 53 27 11 21 73 34 23 21 56 24 42 32 68 34 58 95 88 15 10 92 1 71 71 2 31 26 27 1 46 11 3 17 19 71 81 26 31 63 66 27 28 39 54 82 17 68 2 36 85 37 97 9 87 91 62 66 
74 84 64 3 35 39 8 87 59 98 21 22 7 34 17 55 29 38 75 46 6 5 10 95 96 78 6 24 67 3 44 41 49 44 59 90 2 43 71 74 71 34 77 62 94 61 6 93 39 83 34 7 29 95 79 39 53 58 78 24 84 89 98 3 52 90 19 71 85 49 74 76 50 54 14 
86 45 82 9 60 6 26 76 20 39 12 16 7 8 43 70 14 26 73 17 31 86 30 83 41 99 81 79 26 71 3 25 66 20 50 35 97 19 16 79 21 46 81 48 2 16 94 79 5 54 35 64 95 64 34 48 46 53 82 70 26 23 37 53 9 15 91 81 9 44 95 68 31 53 24 
38 27 9 96 66 30 61 90 55 19 93 19 42 22 87 67 3 91 88 67 1 33 22 29 81 49 97 93 37 93 5 83 92 20 57 33 59 65 33 67 92 56 19 1 37 4 25 33 91 74 51 92 3 75 67 88 51 48 11 2 42 56 16 90 83 43 35 10 66 27 79 82 53 39 60 
39 8 95 29 79 10 34 31 14 2 49 96 90 60 84 58 90 9 93 45 59 44 98 60 97 50 23 83 82 62 38 99 42 76 38 84 7 1 13 86 5 73 53 17 53 25 32 59 43 95 16 61 33 36 96 82 96 74 47 15 96 99 71 100 77 85 9 78 62 4 45 52 47 68 53 
97 73 63 75 7 79 56 58 26 93 90 92 44 46 15 99 5 71 32 78 8 100 65 82 38 53 42 70 10 25 49 4 14 89 59 39 25 82 89 82 90 48 99 68 87 81 53 42 43 11 53 100 12 53 70 70 42 90 4 31 71 77 62 72 54 92 6 92 61 90 84 95 30 97 71 
76 35 33 65 54 93 98 94 52 83 77 19 50 44 98 29 5 41 45 51 10 80 66 20 93 45 94 46 67 5 21 85 42 8 4 2 48 8 63 51 56 75 89 70 18 94 40 21 25 92 49 56 52 62 63 11 36 99 14 36 19 24 62 13 8 55 42 48 49 5 26 23 41 77 17 
5 42 87 8 21 1 68 53 26 13 58 16 89 28 43 33 31 61 27 88 84 70 46 56 94 27 27 9 75 9 12 81 88 84 76 12 45 53 72 24 70 2 24 73 68 58 23 93 46 3 37 56 81 75 14 88 16 86 43 82 62 64 10 48 42 96 50 18 9 2 12 25 9 43 33 
73 18 30 77 92 17 6 78 10 85 54 85 89 46 71 82 40 4 39 32 68 14 66 45 91 40 79 56 45 60 27 70 28 11 57 43 86 12 59 19 98 74 19 20 40 48 54 20 80 69 34 78 96 76 95 29 64 6 88 46 58 100 7 41 80 14 88 94 40 77 13 35 72 92 33 
51 90 11 55 61 35 22 49 74 5 39 1 46 19 21 32 47 62 18 91 49 63 98 4 14 77 23 62 75 61 87 54 15 84 86 55 96 11 18 95 10 52 29 7 51 100 62 24 4 60 90 58 98 24 22 42 3 38 24 64 78 33 51 40 56 32 64 90 48 40 61 2 16 21 97 
97 24 58 45 97 59 3 8 65 20 12 70 100 56 7 24 29 43 98 21 82 27 15 38 98 84 87 92 13 59 29 67 53 43 19 22 6 52 51 3 30 76 66 88 82 72 98 57 96 3 45 53 16 94 43 61 75 27 22 22 84 72 69 29 79 50 78 7 36 18 69 55 38 23 29 
34 36 1 5 98 24 1 80 43 89 64 96 88 47 14 72 49 63 65 32 40 7 54 16 18 6 88 3 57 34 38 83 74 54 58 79 86 21 73 79 72 57 78 52 10 9 82 7 64 57 92 79 75 47 36 71 53 95 6 35 94 79 6 77 80 79 8 25 76 16 79 52 11 71 64 
20 70 38 74 60 95 51 53 52 17 8 54 24 94 28 95 83 66 51 22 83 16 84 15 43 13 79 82 48 22 12 49 71 39 38 47 13 88 44 70 66 26 36 45 23 74 75 93 91 40 23 7 32 74 89 71 8 46 100 5 18 22 61 3 40 86 15 14 43 90 98 42 70 52 79 
50 33 30 68 93 42 88 67 86 59 34 25 36 61 60 95 56 52 70 26 97 44 9 52 98 49 55 54 24 51 96 79 31 77 64 43 38 22 10 2 77 58 52 31 38 15 68 93 53 88 62 77 34 47 90 37 10 49 37 73 41 95 20 77 48 74 12 6 8 84 34 9 34 60 44 
68 11 90 98 28 95 97 14 22 81 63 23 33 43 39 14 33 60 60 46 51 71 42 50 32 68 66 84 1 26 75 87 71 86 42 82 16 35 91 17 77 81 75 5 9 35 62 92 24 47 78 53 50 49 68 82 84 19 4 20 65 40 11 37 54 66 23 84 7 46 33 22 94 66 68 
4 70 3 33 56 75 52 69 5 13 67 44 96 28 8 82 81 51 8 58 3 10 7 88 50 37 47 25 2 49 86 28 98 54 41 4 10 30 65 37 68 19 85 45 57 73 68 93 87 21 1 74 64 35 23 86 94 12 54 40 74 30 21 7 34 90 80 44 87 26 78 17 89 65 65 
65 5 65 22 34 10 88 62 87 76 43 91 86 57 25 34 43 93 100 68 63 79 97 29 6 40 79 36 63 84 10 67 8 70 77 60 53 73 74 78 40 55 11 79 79 74 23 79 71 76 29 77 35 6 38 71 82 100 16 86 89 96 87 89 57 28 50 11 15 64 20 97 74 45 60 
30 22 38 28 79 76 39 61 97 94 25 89 22 72 82 23 81 4 93 57 7 79 81 95 17 82 95 44 46 87 53 55 2 66 1 80 18 22 96 33 16 95 39 9 18 32 34 52 42 6 37 99 50 39 71 33 90 78 13 14 77 8 36 88 24 25 97 88 78 62 69 66 57 31 18 
75 94 100 18 82 17 65 6 66 26 61 81 58 20 34 93 97 82 47 30 54 73 11 46 92 83 29 50 89 26 94 53 99 89 66 31 90 4 30 16 67 25 37 76 12 70 67 80 6 22 18 19 74 61 35 25 33 41 78 8 66 89 71 55 65 50 29 97 37 18 17 29 32 71 45 
99 6 19 61 37 45 80 8 92 57 97 49 67 16 86 97 97 53 85 58 24 33 37 56 78 23 13 21 84 46 42 21 56 17 11 41 41 13 34 65 79 89 23 42 27 15 84 51 72 51 10 46 69 79 55 55 63 80 18 49 22 43 33 36 55 98 43 81 86 59 34 30 14 52 97 
18 66 20 32 12 71 63 81 78 86 38 52 23 96 49 62 33 71 80 35 44 85 54 21 48 49 21 73 16 7 23 16 62 80 93 100 3 62 78 69 4 61 86 29 61 10 86 75 45 88 19 41 43 17 12 47 36 16 67 52 42 82 57 47 17 11 88 32 81 72 46 58 42 69 73 
85 62 97 48 72 4 62 10 92 52 68 81 71 19 69 75 96 54 43 72 31 93 6 40 9 32 23 52 9 37 10 87 8 52 42 12 92 41 89 68 96 91 56 2 8 3 11 55 20 10 98 88 29 26 14 64 56 76 62 71 16 83 5 59 22 25 84 68 81 46 87 12 88 62 25 
66 13 59 31 94 95 66 18 88 66 65 80 68 75 91 98 85 17 2 78 35 8 4 14 90 1 49 94 58 98 49 23 94 37 99 17 99 81 36 39 7 49 22 1 86 52 88 83 2 50 76 37 35 63 56 62 84 100 76 81 50 56 34 12 59 25 74 20 74 2 44 57 36 47 13 
30 47 25 25 92 13 30 4 43 70 12 53 19 55 25 83 5 92 82 64 20 7 35 74 63 64 44 5 90 41 50 85 33 82 72 97 64 10 41 100 18 82 23 58 52 55 56 12 92 34 72 97 15 69 79 94 54 87 74 43 16 64 8 2 28 45 82 8 25 28 21 42 91 99 44 
54 76 51 1 48 35 90 69 93 49 60 19 100 75 89 54 55 91 100 98 47 34 66 79 87 98 12 4 71 34 68 20 14 55 52 35 47 41 15 48 90 9 34 4 42 14 99 57 71 29 97 24 4 33 23 59 80 1 88 25 73 76 19 29 11 2 96 20 35 93 63 48 94 67 43 
98 100 89 1 51 64 62 59 8 45 78 98 38 94 48 27 38 32 93 80 51 19 20 46 12 11 4 55 9 67 91 77 60 27 74 41 75 21 71 63 15 100 14 93 4 64 9 18 52 100 38 74 72 16 85 12 72 75 30 76 58 59 3 55 8 92 63 44 5 37 6 8 25 50 87 
85 46 79 83 55 78 24 31 17 55 30 7 15 1 2 81 69 38 94 52 12 55 63 59 22 17 95 73 6 65 59 25 80 83 74 49 43 43 80 20 73 88 44 9 99 12 57 35 98 97 94 97 47 9 54 97 41 1 95 30 100 3 47 6 57 61 52 66 77 71 94 17 62 30 19 
69 98 56 100 64 100 43 12 87 35 2 14 51 99 4 71 69 5 10 44 28 64 55 35 98 99 48 83 54 16 91 23 3 28 73 36 96 6 95 75 28 72 84 17 49 37 63 79 53 80 89 47 29 53 75 11 7 37 40 88 5 84 27 73 39 21 48 38 46 93 96 19 75 88 96 
44 84 95 56 15 81 97 23 26 67 24 70 7 55 16 46 1 58 44 84 54 10 61 25 39 92 84 68 71 73 72 74 84 51 6 79 14 57 32 14 87 31 71 87 24 81 42 86 12 33 7 29 72 46 14 68 21 52 41 37 25 42 83 19 13 53 49 62 69 60 14 88 59 82 22 
85 96 67 5 56 28 11 97 28 61 72 73 16 83 2 30 86 56 75 22 48 48 43 98 46 7 27 90 88 25 28 21 78 31 90 62 86 58 86 57 85 80 71 49 57 17 17 34 39 57 33 54 22 79 17 38 98 81 94 66 6 63 45 6 8 51 14 29 14 6 2 94 15 14 81 
67 35 39 1 80 82 98 37 20 92 96 10 73 84 67 35 59 60 11 69 7 68 21 23 14 29 64 46 89 99 9 37 95 38 94 5 53 84 6 34 70 86 80 94 34 29 51 37 7 22 23 43 68 41 46 84 15 31 36 75 15 27 58 9 92 66 58 40 8 72 91 89 55 54 17 
20 5 24 9
18 25 34 47
23 22 52 71
8 19 40 57
8 31 19 58
7 9 58 52
40 52 40 57
37 22 53 75
24 5 44 42
22 4 32 27
37 19 58 31
8 25 26 33
29 25 42 57
32 38 56 66
25 3 29 41
58 22 58 71
31 6 54 45
36 65 37 68
26 53 50 62
10 11 47 38
29 50 47 52
16 2 53 25
50 48 57 67
5 5 37 30
5 46 45 53
43 39 50 66
13 5 38 38
9 25 56 49
17 9 23 28
29 3 30 60
12 25 39 57
13 51 48 72
3 18 48 34
45 32 51 41
12 7 43 29
10 1 46 9
7 19 52 44
3 3 52 30
22 24 52 59
17 27 40 67
5 50 30 69
12 61 56 75
16 43 57 45
2 18 31 23
21 34 53 48
11 57 19 58
12 6 31 47
12 17 32 43
40 3 40 73
47 7 48 26
40 13 44 65
36 26 58 63
9 9 16 48
29 52 53 66
22 15 32 24
18 11 58 51
8 34 31 59
6 30 51 48
1 9 8 55
13 11 30 33
22 35 49 40
20 33 32 50
25 10 39 68
14 9 59 28
26 23 47 35
16 20 22 69
15 19 34 24
12 28 59 39
14 19 26 38
4 41 25 59
14 10 47 31
19 27 52 41
30 47 56 53
25 2 37 47
5 22 34 50
47 29 53 72
52 52 54 66
