1 58 44
75 42 46 97 86 33 61 77 34 77 25 77 71 40 12 35 26 95 27 95 40 67 23 42 14 83 70 54 65 95 74 56 63 68 7 57 41 7 12 83 49 82 88 86 17 68 100 33 82 41 7 73 23 89 68 48 72 51 
1 11 1 28
1 21 1 46
1 6 1 45
1 16 1 54
1 3 1 14
1 6 1 15
1 23 1 25
1 15 1 45
1 22 1 24
1 15 1 41
1 48 1 55
1 9 1 53
1 17 1 29
1 18 1 23
1 38 1 43
1 18 1 29
1 48 1 50
1 40 1 47
1 37 1 51
1 15 1 33
1 18 1 39
1 15 1 35
1 24 1 24
1 15 1 21
1 25 1 30
1 30 1 36
1 13 1 53
1 1 1 30
1 33 1 56
1 12 1 20
1 25 1 49
1 19 1 55
1 36 1 57
1 9 1 35
1 1 1 47
1 8 1 36
1 2 1 27
1 26 1 30
1 15 1 19
1 14 1 41
1 42 1 58
1 5 1 15
1 3 1 47
1 45 1 50
