81 43 77
6 34 98 51 9 79 78 17 35 6 24 47 17 66 22 93 29 3 11 69 66 47 44 98 70 44 12 69 33 95 9 66 85 35 35 23 72 24 26 54 39 22 48 
55 8 6 53 86 44 95 88 49 52 53 97 10 71 77 77 70 89 72 59 63 1 45 71 49 66 5 77 88 57 27 5 79 69 9 75 84 20 36 77 11 88 14 
23 56 5 55 4 1 7 8 67 95 15 7 29 90 24 24 5 20 80 8 16 77 80 2 52 17 94 20 55 16 54 76 54 89 44 7 53 41 97 43 27 71 10 
94 72 82 14 58 60 52 53 64 3 75 96 18 61 16 76 43 73 82 39 76 40 42 89 76 8 73 17 68 98 55 12 9 3 73 41 67 80 85 27 64 33 41 
93 97 90 43 63 43 6 35 48 25 68 25 25 27 25 95 84 25 25 64 70 64 98 71 53 63 33 95 24 86 75 44 2 67 22 36 9 17 98 75 70 52 13 
24 33 90 84 50 65 69 11 6 15 55 5 22 12 67 47 12 52 8 78 14 36 94 88 60 84 15 23 85 40 37 15 92 11 27 19 86 58 48 54 10 94 25 
38 58 37 10 41 18 15 4 82 56 52 67 95 23 43 20 43 35 98 14 58 30 24 27 67 31 79 36 64 88 1 97 84 31 53 82 80 9 21 26 62 87 27 
67 3 81 28 81 59 88 47 74 54 3 43 74 84 68 59 41 62 41 68 70 72 91 74 46 19 34 99 77 60 72 12 51 47 21 28 88 78 14 3 12 3 44 
9 36 26 58 40 71 38 65 3 97 90 32 41 67 46 78 55 42 82 60 91 94 89 100 6 44 22 84 19 36 4 1 83 66 4 86 34 40 76 91 58 15 62 
81 18 94 68 31 58 12 53 64 84 1 72 3 8 88 26 84 16 62 35 22 92 20 42 22 42 64 65 12 49 70 27 6 81 41 25 5 92 21 87 73 69 50 
45 59 48 35 82 73 48 78 77 51 67 73 92 18 76 93 59 30 51 89 34 52 97 88 19 3 8 62 98 9 88 70 27 51 96 38 29 26 6 96 97 36 35 
31 41 69 50 56 73 27 9 97 76 78 48 91 98 74 72 98 45 12 50 92 49 14 57 82 23 68 9 17 1 26 42 67 31 74 2 20 12 81 26 39 90 8 
7 42 47 93 25 100 80 2 94 91 57 70 96 1 21 20 24 55 22 36 5 38 85 89 81 41 53 69 8 84 18 11 7 76 83 80 46 22 75 92 98 69 33 
35 94 42 56 94 67 43 32 2 52 99 8 99 2 91 52 39 25 74 53 57 29 85 63 50 94 4 6 65 75 89 47 77 89 26 87 65 80 79 87 54 70 15 
56 94 29 33 81 60 31 11 29 37 45 41 79 78 6 59 27 29 46 9 84 3 76 37 10 50 48 36 94 4 91 84 58 74 21 66 42 29 1 68 32 84 79 
74 86 87 23 47 29 74 98 75 88 26 71 5 2 63 85 88 89 7 88 17 84 68 76 56 8 79 65 89 32 67 56 17 67 62 35 30 35 58 38 32 47 100 
95 43 24 74 87 14 87 70 66 45 40 99 16 89 68 80 24 92 71 45 89 70 86 39 51 89 79 15 47 9 24 47 79 75 65 23 89 30 51 81 31 50 48 
66 92 87 37 44 9 46 73 69 50 86 77 28 37 25 65 58 86 4 69 87 67 100 17 67 8 85 10 34 71 36 74 1 41 28 84 88 44 80 30 37 74 18 
14 94 52 34 68 29 20 23 25 68 86 39 33 5 63 31 33 9 80 27 94 31 94 100 47 78 4 13 70 49 100 73 93 84 45 32 59 70 53 5 70 23 61 
90 83 70 35 56 91 31 35 66 11 47 72 75 62 11 42 90 59 31 49 56 61 31 76 68 18 72 31 99 7 36 23 57 53 77 36 96 65 38 44 89 93 52 
24 72 57 14 42 96 91 75 88 27 72 71 55 64 77 86 2 70 47 9 73 63 47 71 39 29 81 92 83 45 71 21 25 49 56 16 72 35 62 20 95 16 45 
27 1 42 86 38 56 63 10 73 63 43 56 12 56 37 13 57 61 87 14 11 69 86 55 3 10 22 67 50 38 89 75 64 72 8 39 16 43 65 17 74 21 29 
59 46 4 74 70 4 10 7 90 83 32 26 1 26 34 96 56 80 32 65 61 81 80 17 50 94 9 82 84 95 82 84 66 20 4 61 26 53 19 78 27 39 98 
17 72 76 74 66 23 1 5 18 84 80 29 11 50 95 7 42 87 28 28 52 67 42 14 2 79 83 54 92 42 7 14 26 42 24 52 47 79 67 69 91 4 62 
95 49 28 37 29 25 50 49 91 39 99 2 76 58 72 64 74 22 76 14 75 32 12 70 62 5 98 19 20 80 76 4 54 64 85 76 12 18 40 63 59 40 3 
22 88 66 77 66 68 13 55 63 79 47 25 18 5 11 98 69 42 70 35 71 64 12 17 31 43 45 39 56 83 93 64 10 52 89 70 99 78 42 82 56 13 32 
86 30 89 55 72 76 53 53 19 34 75 100 11 47 90 8 78 13 5 21 12 52 81 21 18 64 94 40 92 78 97 41 2 50 34 55 82 60 19 94 27 12 72 
39 71 35 6 80 74 31 52 46 2 21 96 15 56 19 71 70 77 76 72 81 60 99 86 80 89 50 30 88 95 67 25 66 9 41 13 78 82 3 29 84 88 27 
45 69 40 50 24 84 9 100 4 24 57 92 36 24 39 27 91 32 85 23 38 27 21 62 35 62 86 91 76 10 19 38 62 42 3 32 22 92 77 64 31 66 14 
25 13 34 12 73 32 100 64 61 97 80 9 52 87 59 57 91 99 79 23 63 84 28 50 68 66 67 36 85 65 85 75 85 79 46 61 89 5 44 15 1 99 82 
74 30 15 52 18 59 88 27 50 3 52 89 18 35 10 82 66 73 9 94 74 11 3 11 8 3 57 6 20 82 49 3 61 91 68 88 97 23 11 39 49 89 70 
95 94 19 9 47 81 62 98 2 45 78 32 91 1 98 25 39 1 6 71 3 36 44 34 87 99 15 94 39 21 86 69 79 26 25 50 36 74 68 67 23 46 42 
77 77 46 60 3 64 76 93 43 55 55 12 17 83 18 36 4 31 34 94 1 66 17 26 32 43 50 100 26 34 26 33 6 71 90 83 80 12 30 95 57 60 76 
25 93 100 94 12 73 18 42 94 95 64 49 70 43 27 99 77 19 77 31 41 34 5 72 86 30 93 9 4 92 30 9 52 25 14 69 23 85 3 42 53 93 83 
89 35 16 83 12 36 46 57 19 26 12 19 89 78 47 30 86 35 9 1 65 43 47 37 32 2 83 97 57 94 8 7 9 10 35 40 56 25 32 99 28 37 28 
38 25 56 56 36 74 22 50 92 45 82 58 9 27 78 76 71 42 29 100 76 29 63 66 62 86 5 24 22 19 64 2 40 9 59 11 82 64 16 4 48 32 27 
8 99 25 60 81 66 96 84 28 52 1 53 7 72 23 10 5 2 38 90 65 13 73 45 76 93 86 67 69 90 84 25 81 85 65 34 53 43 73 35 11 63 65 
75 25 71 76 47 80 89 92 75 36 46 17 88 98 61 15 4 61 33 3 92 13 13 66 4 93 4 50 23 4 14 49 74 82 19 26 38 40 75 75 62 67 55 
59 35 41 81 31 55 76 49 62 70 81 35 46 97 98 67 49 91 92 4 24 19 39 92 56 8 67 10 44 20 44 45 53 58 82 50 44 12 15 97 27 36 62 
49 54 28 77 76 44 7 47 79 47 100 34 15 38 29 35 22 69 64 68 81 88 64 47 61 46 11 64 54 50 56 58 35 73 62 5 28 26 96 45 83 11 45 
80 72 42 13 17 75 46 44 63 47 70 15 10 27 34 90 50 8 17 26 81 24 7 4 6 90 75 17 10 51 48 88 35 14 69 67 66 72 38 17 19 65 90 
66 27 28 42 100 94 79 4 1 34 56 15 87 37 19 17 13 5 63 24 18 60 8 22 27 10 25 44 18 41 75 54 22 35 32 2 61 92 82 72 37 2 38 
71 34 88 90 29 47 1 92 96 48 41 32 22 44 89 64 35 48 3 66 80 80 56 37 14 100 57 28 89 86 74 4 73 33 60 45 55 70 67 41 73 22 59 
46 43 13 95 82 73 58 68 80 14 38 15 99 25 39 56 80 5 75 75 99 70 84 71 79 1 60 66 45 32 40 60 81 56 100 14 13 38 11 86 15 17 74 
78 48 77 51 73 61 35 27 17 94 97 79 32 58 63 81 86 52 34 62 48 91 97 22 44 100 39 34 14 61 28 22 79 23 72 41 72 96 87 11 40 84 33 
55 16 41 58 56 7 26 79 71 97 1 68 24 14 82 53 41 25 42 62 95 17 78 13 60 68 14 29 62 42 11 81 52 42 9 32 55 4 47 37 56 38 25 
69 63 46 65 36 21 42 9 71 88 88 71 56 5 11 6 9 21 34 93 24 99 57 42 3 59 73 14 23 35 88 20 30 49 7 41 22 55 63 78 78 53 95 
13 15 4 73 6 18 66 65 86 64 20 4 9 48 45 60 47 9 42 38 29 67 43 35 93 90 63 48 73 65 43 11 99 75 31 70 93 32 97 44 41 99 26 
10 100 69 92 36 50 66 28 14 53 85 51 63 22 97 89 10 39 76 5 84 44 55 2 53 56 86 51 99 26 95 79 71 45 95 68 15 32 10 99 94 46 81 
42 12 28 27 21 98 71 15 10 42 3 5 72 67 14 42 64 41 44 9 52 8 44 85 86 63 3 47 81 77 87 5 47 89 10 17 75 37 4 86 28 17 74 
60 82 26 25 96 82 82 83 42 49 47 3 93 27 21 10 44 50 52 28 3 92 41 29 51 33 49 20 94 18 68 70 78 51 41 65 88 44 69 62 21 100 48 
29 78 30 24 77 33 88 31 38 80 65 7 43 93 96 88 4 43 32 65 38 88 71 89 10 60 49 25 63 2 66 3 12 22 28 8 15 95 82 14 8 53 20 
65 72 18 44 23 14 20 97 11 70 74 49 65 24 55 2 19 79 87 92 69 51 90 40 27 4 55 72 60 68 32 13 81 67 26 78 17 22 11 30 30 44 39 
6 45 29 50 61 87 17 66 74 85 47 2 20 71 90 91 76 31 86 84 54 62 66 52 93 70 38 66 7 85 13 38 57 64 63 6 45 20 60 59 22 84 65 
100 93 23 36 88 4 1 24 16 36 78 56 60 28 56 25 75 94 33 94 84 92 18 81 18 98 36 77 75 57 27 8 60 70 92 38 41 43 85 34 92 71 4 
76 76 26 20 14 96 84 99 69 93 99 80 28 73 32 94 91 83 11 56 30 93 80 23 57 80 35 23 14 60 93 67 27 42 78 53 65 40 43 20 57 49 87 
82 100 85 27 24 10 17 36 11 73 36 34 9 30 3 99 9 6 6 36 75 23 95 97 35 16 67 16 71 9 42 5 71 89 28 40 52 53 44 60 18 79 49 
34 59 70 70 97 1 95 19 55 64 94 36 25 30 65 42 100 32 72 98 72 96 12 77 29 71 22 85 79 89 21 6 93 77 31 7 77 4 7 49 94 21 93 
9 32 2 60 74 72 68 45 1 11 82 5 99 56 9 26 75 82 51 34 31 26 30 99 37 98 51 92 79 70 60 50 7 3 34 36 7 63 45 26 31 39 95 
64 51 13 41 87 4 95 78 1 65 9 74 98 97 36 29 35 20 51 37 9 50 85 71 5 4 69 44 25 71 91 72 25 63 37 5 78 69 26 37 30 14 91 
41 71 45 51 46 40 80 21 41 76 6 63 5 94 48 38 27 98 48 63 93 92 60 35 9 29 72 52 49 9 40 54 80 54 29 43 99 53 68 19 6 41 92 
59 12 92 92 19 15 91 72 59 82 94 68 96 67 6 67 22 27 48 78 79 90 69 86 48 3 66 22 40 83 46 56 60 57 88 45 6 76 61 77 26 50 73 
87 84 67 7 10 24 53 88 75 10 59 37 28 13 51 57 86 18 92 51 27 84 48 66 45 84 51 5 37 52 76 27 14 21 9 46 100 48 29 37 54 62 93 
84 68 80 4 91 87 96 69 86 92 59 83 99 71 15 96 79 67 54 66 13 8 61 55 84 71 91 17 38 49 51 17 19 20 95 39 71 15 39 19 18 79 91 
90 76 81 6 59 22 71 98 97 29 29 7 43 9 1 67 26 18 41 97 77 10 97 83 39 7 90 60 76 49 10 86 65 55 71 97 28 3 68 96 85 67 99 
59 11 23 7 64 81 72 2 99 78 17 99 25 62 9 83 80 100 59 4 67 17 42 28 76 72 43 46 33 51 77 85 44 61 88 64 31 92 61 61 54 93 6 
87 37 97 40 72 97 43 49 57 88 35 93 66 50 13 3 50 88 98 44 29 36 17 93 14 89 94 62 21 3 27 33 70 73 20 42 98 66 76 5 23 20 94 
63 82 14 36 79 31 87 76 71 61 7 28 92 35 99 45 85 88 62 92 25 37 60 61 32 8 62 3 4 85 70 94 49 45 36 75 88 79 74 48 29 44 5 
99 33 22 23 86 35 98 17 30 89 41 25 30 22 29 20 72 91 76 67 60 97 78 12 98 46 38 72 28 48 36 55 81 49 62 72 21 85 41 89 89 98 83 
52 18 86 88 93 26 28 45 18 4 12 57 61 66 90 27 92 68 1 49 83 7 10 21 52 92 84 88 15 36 60 96 46 85 79 41 25 36 27 62 62 41 49 
88 31 31 81 17 42 90 20 16 51 83 55 96 52 33 56 45 54 49 94 19 52 69 4 91 68 56 4 91 21 74 47 1 67 39 97 5 45 63 21 29 16 19 
81 32 26 52 59 32 93 25 14 6 76 25 20 40 73 14 30 64 22 18 9 29 99 38 97 70 98 89 73 74 43 48 98 100 42 51 39 87 64 33 90 30 34 
37 54 45 45 33 37 71 9 66 38 46 74 52 64 2 3 72 46 27 92 21 5 31 97 9 63 19 77 52 60 85 43 90 40 41 26 1 77 53 4 33 89 98 
65 15 41 46 41 30 73 56 61 11 2 3 45 24 6 84 71 43 74 75 31 3 99 77 100 16 23 12 37 77 72 32 45 85 66 95 58 13 36 54 41 84 92 
89 67 88 52 81 36 94 91 50 21 61 66 24 8 48 74 99 7 87 94 61 25 75 81 3 88 80 85 12 85 14 31 2 36 62 33 36 36 42 74 3 63 36 
4 71 72 25 4 66 11 63 85 82 66 55 85 10 7 44 44 90 26 35 60 6 14 37 80 89 69 92 2 75 21 93 14 89 81 57 46 46 16 34 28 76 4 
51 80 15 86 95 69 31 58 52 51 32 58 18 34 58 38 8 81 3 98 37 34 58 18 6 99 48 46 6 54 46 61 60 33 52 54 6 97 31 98 77 15 14 
13 74 70 30 97 69 16 32 77 35 28 51 51 45 63 49 97 78 37 71 3 46 51 13 99 96 9 71 85 57 11 13 45 31 39 38 10 55 88 16 35 98 7 
41 64 75 33 29 13 64 54 35 85 93 61 55 69 71 61 24 49 63 44 96 61 46 58 17 45 39 62 1 73 88 7 55 80 63 50 25 5 31 31 50 84 58 
23 74 77 26 48 31 73 47 27 59 82 43 55 18 9 70 85 97 66 45 52 70 88 45 47 64 51 74 79 50 92 60 95 84 2 4 36 48 70 48 63 11 17 
68 23 89 96 50 13 24 79 58 19 55 69 86 40 54 32 36 85 82 95 44 1 17 39 65 30 4 99 1 8 56 29 98 59 4 3 23 53 74 65 34 87 26 
71 11 74 36
37 39 67 42
60 8 66 38
76 8 79 31
57 6 72 33
76 8 77 18
27 24 33 29
1 2 21 7
30 29 70 32
31 11 54 11
26 5 80 23
20 4 51 10
53 31 74 31
26 2 35 22
46 35 47 36
7 1 72 32
43 13 66 16
33 7 45 18
36 11 66 12
8 36 50 40
28 8 64 15
26 17 78 40
29 5 76 40
46 21 52 29
34 25 76 28
37 4 39 26
3 25 65 30
18 3 54 14
15 23 70 38
10 4 25 38
11 31 81 36
52 2 67 37
36 26 71 39
41 10 61 27
35 16 52 33
15 5 30 42
1 1 62 12
61 22 75 34
23 6 41 29
36 16 71 22
35 12 48 27
9 25 27 42
13 6 40 23
33 3 47 24
26 10 72 29
12 27 12 43
47 28 75 37
17 18 60 26
12 13 13 28
64 2 74 19
13 13 65 18
21 8 63 36
14 17 34 34
6 7 26 13
39 7 66 14
21 18 57 20
33 26 74 42
13 3 43 41
6 7 48 7
67 41 74 43
27 1 48 38
3 15 37 33
6 13 66 29
27 2 46 12
1 8 54 38
54 33 81 35
37 42 39 43
37 2 43 36
38 15 47 28
11 6 46 21
28 6 43 31
3 24 47 37
13 3 35 32
41 8 76 37
76 14 78 36
16 6 70 33
2 37 65 42
