100 100 100
7 63 17 44 3 38 46 46 25 56 62 66 22 70 42 25 93 61 89 37 99 21 73 42 88 94 27 80 62 86 20 42 14 80 71 57 27 22 56 17 69 67 94 60 1 85 12 37 79 27 96 84 73 93 46 27 59 41 97 42 49 78 78 28 21 98 35 84 19 73 21 67 44 25 63 1 63 33 91 89 27 50 29 22 11 26 72 41 96 95 2 19 25 83 10 15 46 45 100 8 
98 21 43 34 73 83 12 11 3 28 20 65 63 6 95 33 49 24 84 19 57 34 17 11 45 96 89 1 47 50 93 3 59 58 4 67 82 95 93 56 11 50 49 81 68 21 16 49 19 61 24 26 85 41 87 24 94 76 9 49 20 38 34 87 67 7 45 28 95 9 55 11 72 22 32 8 96 63 81 34 79 87 75 60 13 39 3 73 100 78 57 3 62 68 81 87 55 48 70 47 
9 45 73 77 90 52 24 32 16 13 44 44 7 89 21 46 53 98 55 91 99 48 39 62 18 43 37 54 20 55 32 40 88 28 53 35 54 5 19 81 66 38 19 99 43 63 9 19 57 58 46 24 37 80 8 4 52 32 1 77 26 48 47 58 89 96 25 79 25 80 23 9 7 65 35 70 87 99 54 47 97 20 27 47 66 4 68 72 55 21 41 91 31 28 41 88 43 84 47 45 
39 52 14 15 8 20 44 93 19 40 31 34 83 23 39 5 32 19 23 47 98 76 36 42 46 63 55 47 80 6 82 53 11 61 16 25 38 5 71 51 80 11 65 86 91 3 60 12 13 34 37 85 39 95 13 70 96 20 16 75 45 25 3 83 4 48 75 51 69 39 95 49 4 93 6 20 29 41 17 13 30 97 100 47 87 20 32 25 5 3 29 91 89 8 14 36 82 21 39 7 
78 99 35 41 37 57 72 28 43 16 77 97 31 36 46 84 100 8 32 51 63 14 43 11 37 27 28 19 85 68 63 56 84 57 14 15 1 7 13 6 26 34 99 80 63 38 59 46 3 26 98 14 61 95 5 7 3 61 25 68 98 24 58 92 3 8 30 30 48 45 99 74 61 85 64 68 23 50 91 84 34 60 69 10 78 86 34 30 31 46 46 75 41 19 52 7 49 88 39 34 
4 56 35 68 25 53 64 49 33 20 26 62 13 85 43 25 22 39 25 33 18 96 61 5 15 34 72 74 83 75 14 96 60 20 95 37 76 42 81 62 15 29 47 18 59 7 24 89 15 39 47 82 50 95 5 96 63 13 82 47 97 90 63 84 71 29 36 65 75 87 22 26 44 16 99 29 98 68 71 100 30 15 13 25 71 27 76 95 18 81 63 49 34 16 74 2 49 95 82 98 
77 57 75 1 85 98 8 91 98 77 98 31 59 70 88 41 53 48 72 17 32 81 40 72 80 13 33 2 12 42 74 33 74 12 8 32 12 1 76 89 51 10 27 41 7 4 89 3 12 32 4 76 81 26 90 33 80 14 68 57 30 26 21 41 37 44 89 49 12 93 38 7 44 34 33 4 76 88 60 9 98 45 97 3 47 79 22 96 100 98 100 23 80 68 30 50 96 69 19 59 
64 3 62 34 49 49 12 48 68 68 45 27 9 64 95 99 50 3 33 70 6 26 50 89 35 86 57 46 62 77 40 15 71 40 78 100 63 91 71 12 94 11 84 81 49 47 74 12 9 18 25 88 58 71 4 85 22 51 27 53 27 64 43 40 69 41 14 1 5 57 25 87 48 73 1 99 79 13 48 36 30 47 50 56 51 87 64 11 1 90 61 91 100 39 70 84 35 43 51 32 
6 34 96 19 33 55 37 30 48 57 84 31 88 61 33 41 6 1 93 41 69 45 91 62 5 54 76 7 82 57 71 89 17 21 74 21 96 11 77 58 29 58 11 44 82 68 12 37 25 26 31 83 92 94 6 12 30 20 39 89 41 30 24 69 73 35 1 59 19 43 22 44 89 87 44 85 83 50 6 100 41 38 32 78 23 72 65 22 60 29 45 51 12 5 64 33 60 54 74 46 
72 92 41 4 28 12 54 93 68 95 69 88 57 45 73 63 27 8 74 20 76 41 24 22 91 39 59 39 16 4 63 3 55 94 40 5 19 66 77 39 22 85 27 41 58 70 33 67 11 6 46 32 77 68 59 78 56 28 96 28 35 17 7 83 64 92 80 16 19 52 69 1 7 59 80 45 65 11 33 19 81 73 37 40 45 85 15 94 12 83 25 31 19 30 39 6 86 13 26 97 
16 50 1 89 41 47 51 12 28 30 54 3 78 72 54 27 47 39 65 40 6 80 47 97 69 84 97 42 95 99 95 78 18 10 80 57 68 86 88 16 66 55 1 7 47 57 54 67 4 100 12 16 58 93 5 8 82 47 8 36 63 18 30 19 45 30 71 40 40 64 85 88 25 93 81 89 12 56 45 48 78 78 42 6 74 50 19 13 71 38 94 86 58 43 42 45 99 63 68 82 
85 13 51 2 79 12 42 28 65 28 49 30 72 93 56 70 10 36 51 70 51 72 43 47 30 92 10 88 88 38 41 38 52 75 70 26 58 47 75 37 95 64 66 33 43 75 46 51 16 49 53 10 14 42 63 26 93 38 50 5 81 1 52 86 20 8 50 22 66 83 22 88 83 16 2 90 81 18 34 94 37 43 56 61 39 22 66 60 4 4 40 58 88 74 44 5 84 44 68 97 
24 34 93 100 25 37 86 24 90 53 100 14 38 27 72 79 17 8 79 18 61 73 51 18 60 28 88 21 33 34 51 34 16 63 52 97 72 44 64 26 76 94 20 25 89 100 49 13 63 31 14 10 98 32 36 35 3 26 88 15 73 97 57 1 48 51 26 70 87 26 31 67 64 23 25 65 26 90 68 92 80 40 31 15 58 64 75 15 64 64 70 50 97 10 85 77 58 2 76 75 
40 100 90 1 25 31 51 62 30 9 14 63 54 38 7 87 97 52 76 97 79 98 58 77 70 80 69 47 56 99 79 42 17 11 61 25 97 34 19 58 35 95 19 13 23 81 51 78 69 7 16 29 25 11 48 68 100 80 85 92 76 12 17 58 87 12 41 82 90 67 48 47 34 33 34 9 36 72 43 88 25 96 12 70 25 82 4 66 22 100 89 4 22 39 89 9 57 42 16 69 
56 80 15 19 68 40 30 92 95 21 21 31 74 25 90 100 66 18 50 74 43 19 51 1 10 95 93 80 86 48 35 81 70 74 66 2 50 90 30 100 4 43 60 37 50 78 75 7 7 42 47 75 55 12 53 48 54 33 6 9 33 32 46 12 56 62 71 54 32 73 41 89 11 95 32 45 80 31 59 74 95 69 80 10 39 78 11 40 22 69 84 9 25 75 16 60 29 27 36 16 
52 69 1 62 21 13 86 97 33 4 51 50 65 57 72 61 98 1 4 41 89 92 62 66 26 4 78 91 96 43 79 46 96 63 43 21 27 98 38 29 51 3 88 98 38 32 17 60 19 45 89 38 97 87 12 62 67 59 68 96 31 68 99 95 56 79 44 73 85 5 26 57 81 9 35 17 43 10 84 91 23 78 4 41 58 78 97 43 67 80 23 75 36 8 2 73 4 58 93 57 
98 73 27 100 88 100 11 51 22 42 97 62 78 80 12 53 13 7 33 11 10 42 75 89 58 47 41 49 80 96 14 65 60 13 10 66 11 73 51 47 94 18 45 91 35 94 30 74 6 62 25 99 29 53 40 80 15 1 91 30 84 42 18 32 78 94 55 84 25 20 53 84 82 62 58 92 8 95 11 70 31 11 17 76 32 26 27 76 61 96 2 7 70 59 5 22 85 69 87 14 
95 8 43 15 81 91 47 18 8 58 94 24 21 49 72 83 46 50 39 34 27 79 9 39 45 19 29 14 51 51 45 28 47 34 23 72 50 38 69 74 72 55 94 68 49 5 86 16 48 61 86 10 6 97 83 82 79 4 31 43 83 48 40 71 9 86 100 93 70 69 81 63 40 30 51 39 12 60 3 67 86 95 99 83 83 32 23 58 15 14 3 9 32 22 42 81 51 68 78 89 
58 90 88 66 70 64 55 91 23 76 8 94 75 61 32 60 81 54 52 35 80 35 50 50 29 13 1 10 54 70 66 76 80 36 95 69 36 72 10 45 32 18 13 97 12 63 77 31 79 64 69 14 16 99 94 73 40 55 60 45 3 40 1 14 2 43 58 58 59 34 69 92 65 26 17 62 91 25 94 72 50 8 76 44 99 11 65 44 27 22 32 53 81 10 67 39 46 80 68 2 
70 15 32 84 34 97 65 87 90 99 88 20 16 9 82 52 73 70 59 77 35 21 19 88 25 72 78 19 52 50 1 10 70 35 68 85 39 19 23 54 48 5 73 36 12 14 62 16 43 48 7 84 70 37 5 73 71 98 50 75 10 2 69 27 30 98 67 92 13 13 16 24 11 7 39 56 71 54 10 63 4 53 15 6 100 44 14 78 11 59 45 59 7 79 33 50 74 47 92 35 
18 99 46 15 16 40 100 96 90 6 33 10 36 67 60 13 95 38 81 9 63 59 21 58 25 6 98 48 32 73 50 39 100 92 96 65 57 27 6 5 88 17 57 35 30 27 55 65 2 42 76 63 64 28 77 52 90 85 86 40 48 98 15 4 74 35 63 78 83 8 46 96 7 30 81 75 65 24 97 84 27 32 8 54 98 81 49 46 62 14 52 90 87 27 38 79 43 19 51 36 
20 40 97 35 88 25 97 58 80 48 41 47 22 59 82 9 63 79 14 61 23 84 93 84 56 5 61 2 73 40 5 89 78 77 14 85 16 64 29 5 82 18 96 23 77 63 3 56 7 14 88 18 51 56 92 86 9 44 39 54 69 87 74 73 49 50 99 75 52 19 92 5 85 2 62 73 69 67 3 88 97 13 7 74 27 26 78 72 81 63 49 67 11 3 79 5 83 66 14 80 
70 93 86 100 43 100 9 71 98 89 46 77 5 65 35 78 52 17 61 71 46 17 98 25 36 14 77 34 6 17 75 7 86 18 24 91 64 96 53 19 25 2 85 33 53 50 38 83 27 56 74 48 45 58 43 34 19 63 84 62 23 38 50 11 8 51 80 69 66 62 8 21 99 89 44 28 9 66 52 93 95 14 97 68 61 91 21 1 60 6 41 75 6 91 62 77 91 99 94 23 
38 30 81 74 68 33 55 39 99 61 92 67 14 49 47 1 46 91 60 34 3 1 4 98 32 40 65 35 42 1 84 2 42 57 7 53 41 14 25 53 67 89 14 24 94 60 47 88 57 84 3 17 59 77 25 73 8 30 69 5 10 40 61 9 53 59 27 75 67 66 60 1 16 69 47 9 43 80 95 99 54 54 86 43 27 11 60 67 61 21 79 97 41 77 6 88 39 64 67 76 
67 42 98 98 5 84 76 37 2 54 66 13 50 60 55 29 9 84 32 44 86 20 90 7 71 69 19 93 86 47 2 37 61 98 100 87 1 19 17 14 66 44 85 50 21 7 11 4 13 51 60 61 40 100 69 42 94 16 79 52 58 40 65 75 61 3 53 57 26 53 15 46 59 57 70 49 42 32 89 79 31 26 47 50 69 7 99 22 36 39 76 61 49 13 86 89 51 53 96 97 
84 71 46 43 100 49 30 26 53 93 19 39 16 75 40 22 38 30 79 40 5 58 78 92 38 3 37 73 90 82 93 83 39 84 42 22 45 55 95 56 66 95 69 95 18 97 17 6 33 88 47 15 47 2 79 56 10 61 88 4 23 29 43 3 67 78 90 5 13 30 15 72 63 77 75 26 46 81 91 60 30 28 36 3 27 83 34 78 58 44 42 80 34 71 28 64 91 18 11 23 
3 100 48 23 30 35 51 98 98 48 72 28 12 82 59 59 31 84 62 79 20 59 85 73 63 71 55 11 60 91 59 86 43 76 84 4 21 20 5 14 39 1 13 39 22 3 99 48 52 79 40 79 86 93 72 88 28 76 84 19 20 85 52 31 22 42 10 40 46 37 84 80 75 85 35 47 76 78 59 55 1 25 94 72 72 75 25 8 14 54 80 60 88 28 6 11 81 8 1 4 
53 57 64 86 16 23 69 85 20 68 56 40 89 53 90 59 34 86 23 55 99 21 83 2 76 88 76 86 24 65 21 48 16 24 100 92 21 12 58 13 55 17 84 95 70 52 8 21 8 44 83 77 30 99 53 42 28 54 47 7 72 85 68 88 35 17 12 97 58 38 77 55 73 96 38 81 25 39 1 17 65 89 11 46 27 8 98 65 47 33 79 30 84 9 75 15 86 69 91 84 
30 2 2 92 18 23 90 85 32 66 51 17 45 25 76 67 43 8 25 37 62 54 61 97 6 5 81 63 73 40 54 41 28 14 2 92 85 34 45 41 45 22 13 8 81 51 85 19 81 69 12 47 94 59 65 48 25 71 54 50 28 5 15 43 37 61 74 73 65 76 41 7 35 93 12 60 5 56 87 76 61 86 48 58 31 91 85 66 44 37 92 39 60 15 26 74 45 6 17 63 
11 38 30 27 15 48 100 54 37 83 74 11 25 93 95 14 86 38 28 86 19 94 43 73 3 29 97 2 65 20 52 67 30 82 55 13 26 60 75 71 60 69 4 21 87 81 65 5 69 29 25 48 70 9 27 20 33 85 24 6 76 63 89 36 75 30 61 43 52 52 27 77 16 53 58 30 35 22 18 56 73 7 20 40 15 5 54 85 31 55 100 61 7 26 45 86 12 81 42 34 
21 95 32 30 69 56 85 72 47 12 89 40 35 80 17 25 60 7 81 95 32 17 35 61 38 12 3 63 1 70 92 56 96 99 33 73 51 96 41 83 72 60 81 60 99 81 70 71 6 9 88 67 52 59 39 5 5 85 66 97 52 23 50 49 50 61 37 57 36 37 52 28 19 54 10 88 29 39 85 92 9 83 22 1 62 50 40 33 38 70 36 45 100 77 88 60 52 63 57 87 
1 30 95 47 86 63 48 58 89 79 12 94 9 11 41 27 91 1 61 60 25 73 52 32 5 94 61 44 28 3 77 14 74 23 38 35 88 9 28 43 71 28 8 29 77 62 84 84 44 50 32 72 92 84 27 80 78 46 98 100 1 98 82 75 6 59 6 25 9 15 19 95 5 52 80 23 56 90 42 84 77 59 47 25 46 50 86 11 32 65 88 42 69 78 35 16 10 59 5 26 
58 66 60 47 83 33 38 7 71 9 98 35 15 79 53 68 38 66 14 92 93 25 71 44 87 69 3 71 69 48 80 52 46 96 18 67 81 6 82 84 89 48 43 62 39 82 98 21 12 42 85 4 38 59 18 1 41 92 97 34 42 35 86 65 86 54 95 33 97 45 72 61 74 76 3 40 60 63 30 17 45 44 69 63 39 71 59 97 23 65 37 85 9 52 92 79 18 23 72 98 
42 72 16 83 95 2 42 14 47 72 84 45 33 77 100 44 96 78 97 48 100 12 81 24 1 63 7 65 8 62 68 4 11 30 90 57 68 42 38 79 92 31 44 43 29 86 28 70 14 4 10 58 98 68 81 53 22 80 38 44 70 92 26 67 66 83 82 85 46 78 12 42 53 69 39 69 52 24 67 73 50 76 98 10 100 48 61 73 31 32 69 91 73 57 80 77 48 22 68 93 
75 38 61 17 53 16 65 32 55 70 63 45 12 11 54 87 18 48 88 97 35 44 3 32 53 96 71 97 24 62 72 91 1 63 96 79 59 41 38 42 11 54 96 48 31 25 77 68 74 18 5 21 33 4 76 1 65 74 6 38 6 51 98 17 35 31 80 35 27 84 35 95 70 91 10 20 60 18 73 57 36 72 59 24 40 24 77 36 38 25 46 52 94 11 54 44 57 4 3 32 
88 17 68 56 67 74 65 48 20 24 35 71 9 25 59 7 41 41 76 26 62 12 97 83 55 29 48 38 40 56 52 48 71 19 59 18 84 31 70 81 99 90 46 14 97 72 90 49 87 71 65 5 30 31 65 73 42 8 69 26 35 56 37 40 68 49 69 51 6 55 51 26 52 19 39 8 4 100 60 56 62 10 31 85 21 47 31 30 34 91 47 96 73 58 86 52 34 16 48 1 
51 33 41 48 31 23 82 66 6 81 86 2 25 38 97 26 32 70 46 68 20 63 51 73 53 6 20 22 19 96 72 9 18 81 91 30 84 5 11 70 84 83 100 21 48 31 52 14 65 81 82 71 22 87 28 26 58 23 25 48 50 78 26 41 59 3 96 68 87 3 46 58 51 95 78 72 5 85 53 26 77 51 41 2 38 5 45 95 7 91 4 50 55 50 98 22 96 40 54 44 
53 88 52 80 57 83 20 29 4 91 76 95 66 24 34 46 25 57 46 35 5 31 31 93 33 82 25 26 41 74 65 99 42 40 13 70 87 100 2 71 36 15 41 92 45 76 44 87 12 29 88 18 44 36 59 46 35 13 15 23 48 46 47 6 2 14 46 79 9 71 49 75 82 32 75 66 77 5 71 90 87 78 62 14 63 77 74 6 62 12 12 75 34 82 29 31 71 49 45 72 
62 22 14 38 89 79 25 25 74 53 2 43 36 22 5 21 79 25 75 9 77 63 53 87 99 58 74 80 31 34 41 60 94 82 3 20 1 13 70 62 58 31 74 83 85 45 71 18 86 51 3 30 91 89 42 59 24 27 1 32 50 52 70 63 12 51 31 67 94 71 100 11 90 92 35 37 92 97 24 56 41 43 58 26 37 59 95 63 95 32 54 43 69 80 85 92 90 84 86 34 
44 96 64 20 66 51 36 96 29 16 73 27 31 55 29 11 36 62 54 32 39 28 38 16 13 61 4 95 46 95 10 89 74 94 96 2 91 3 52 98 13 63 76 78 94 41 93 42 45 73 22 85 5 60 70 25 86 42 31 67 18 43 16 4 69 75 36 12 31 38 73 6 12 96 80 42 55 10 33 13 31 11 39 48 39 51 85 14 32 65 16 20 66 71 1 37 97 67 45 39 
12 21 62 59 88 74 3 80 21 93 90 24 27 26 13 99 73 65 63 31 70 11 2 1 6 78 24 78 84 8 65 41 15 76 40 48 34 46 81 1 22 24 28 99 12 83 14 52 2 33 58 31 36 2 27 16 63 74 2 17 9 1 26 95 2 31 48 93 11 72 51 21 49 55 99 5 46 73 31 21 57 85 94 7 1 43 20 77 96 73 59 97 53 39 9 4 94 14 82 57 
69 8 12 83 3 97 9 18 77 89 89 43 12 15 21 48 61 25 16 32 39 22 87 12 100 56 56 97 97 33 61 91 92 53 16 96 28 30 96 77 78 8 13 7 11 7 42 93 26 21 22 42 99 31 10 35 39 66 75 80 67 37 38 33 81 1 58 10 35 82 25 79 49 5 79 97 100 99 81 1 74 63 2 58 71 24 62 99 28 17 28 28 32 69 74 67 33 46 59 73 
22 20 91 33 91 3 73 26 58 81 31 5 15 80 77 40 16 13 80 69 69 22 84 99 81 57 96 89 1 68 36 62 85 90 21 78 57 49 98 39 40 46 8 60 24 46 48 57 35 86 2 75 52 69 6 28 95 70 74 9 100 29 82 41 40 26 47 7 81 8 17 50 93 79 60 30 3 38 22 32 69 41 51 27 14 2 36 50 24 12 7 61 90 45 5 36 51 59 47 3 
75 3 51 94 24 89 24 97 99 16 1 97 86 100 66 32 88 7 34 90 76 52 43 12 25 98 73 67 97 46 54 69 26 81 24 99 65 18 4 44 98 63 35 1 43 52 46 81 81 35 62 34 2 8 75 84 43 82 74 21 80 44 38 82 2 96 15 53 11 31 28 14 6 98 84 97 12 20 60 10 38 57 70 60 44 86 46 1 98 47 90 54 86 51 96 1 31 26 100 77 
50 70 63 39 47 97 79 81 58 82 83 61 78 80 89 16 31 15 6 14 89 7 46 72 73 33 4 11 31 53 43 8 31 37 53 63 94 61 44 19 11 49 28 70 79 99 62 48 97 61 96 90 17 68 53 14 59 18 1 82 66 68 3 59 21 77 99 97 85 16 65 37 88 76 93 41 59 52 72 79 18 25 84 26 34 52 66 21 8 81 81 31 55 34 75 34 52 91 31 54 
39 42 32 14 1 55 92 100 91 2 71 84 77 58 78 91 15 34 30 68 55 26 8 80 30 81 83 91 27 65 100 67 23 3 71 45 42 74 45 83 45 42 34 29 60 79 70 35 59 99 53 17 25 58 44 61 44 44 16 71 7 71 32 11 41 40 13 39 9 1 100 32 97 16 3 95 44 96 70 84 7 97 97 46 8 41 10 84 67 75 89 66 1 8 33 32 61 16 76 51 
33 11 55 4 72 71 95 26 83 89 31 48 21 32 88 84 13 91 73 63 15 37 98 33 13 74 34 94 37 21 69 28 36 63 91 41 18 69 68 72 25 20 74 29 97 83 10 62 3 10 51 71 91 68 8 87 79 84 68 61 44 67 32 25 53 46 63 69 12 95 41 80 71 31 60 38 57 95 100 75 88 77 69 28 25 12 13 70 66 19 47 78 59 99 51 62 7 92 28 39 
38 26 59 2 34 1 62 92 89 15 75 69 5 8 74 73 81 53 90 70 47 38 21 41 94 71 42 14 53 36 5 76 81 16 97 72 49 68 37 84 86 87 14 11 67 63 72 72 19 58 30 49 15 36 71 34 97 18 78 34 75 55 87 27 63 12 42 66 21 32 46 28 19 58 70 97 29 71 3 7 98 50 24 39 28 28 98 81 60 82 38 40 74 87 43 96 83 62 36 18 
3 75 99 81 17 81 65 56 30 83 46 27 12 47 33 80 28 49 14 82 80 75 8 18 17 80 57 60 98 48 87 99 91 76 69 68 35 95 89 10 82 19 100 20 86 61 82 13 42 68 74 54 56 23 51 36 59 90 21 41 73 33 43 26 97 26 46 41 13 75 58 51 79 90 84 80 61 99 97 89 26 98 15 87 29 97 9 84 18 86 2 88 57 50 68 99 62 22 18 97 
2 68 49 30 54 48 15 18 20 16 14 15 34 28 9 44 40 11 96 20 71 53 100 20 46 67 76 11 28 29 96 59 41 22 41 39 21 17 76 86 17 55 64 94 24 77 14 30 51 51 70 83 85 24 27 83 8 79 79 70 88 19 45 29 15 58 100 74 23 27 69 18 77 100 79 85 33 38 27 66 7 31 64 49 90 27 6 69 77 17 25 74 81 2 95 71 27 23 79 57 
31 31 65 65 80 27 13 82 71 33 4 65 95 6 87 56 36 31 30 84 65 43 2 15 3 15 35 23 26 85 87 17 56 24 100 7 36 82 67 81 73 10 70 87 46 27 65 54 67 48 44 2 6 5 97 33 29 86 49 73 48 29 45 35 37 66 97 3 66 30 98 8 89 66 67 64 85 61 13 30 47 85 58 4 61 78 71 40 16 19 16 28 13 14 70 92 26 79 98 70 
67 60 48 83 58 3 13 86 91 87 39 62 12 9 15 80 29 9 42 69 53 77 14 57 28 85 16 57 34 61 84 13 45 93 57 41 72 66 100 63 96 73 98 49 31 68 59 58 87 93 45 67 46 8 99 34 54 73 64 89 61 8 80 18 78 24 47 60 65 38 14 71 14 78 11 27 14 13 99 9 14 33 6 41 59 31 26 5 76 58 33 1 85 78 72 64 71 76 5 6 
97 33 13 35 23 71 77 7 4 80 85 63 30 78 1 97 43 19 9 16 98 58 25 71 65 52 92 5 24 82 52 81 77 19 45 83 64 72 92 99 97 45 91 58 7 83 59 63 59 24 80 15 36 76 44 75 95 50 77 58 75 53 51 60 37 12 80 22 41 99 6 99 56 77 23 66 20 5 51 14 55 10 66 37 2 75 1 5 59 29 13 51 80 1 95 5 41 71 68 31 
11 60 95 70 14 73 83 75 31 14 74 51 80 86 59 58 59 3 27 42 29 2 12 8 86 49 23 98 23 67 76 21 11 45 43 21 54 45 29 25 45 63 99 7 21 70 1 43 97 33 96 79 19 97 12 80 29 58 84 60 21 100 76 76 35 82 22 37 10 63 74 52 33 36 96 35 29 61 32 54 18 48 33 6 24 43 16 97 73 94 61 89 48 88 56 2 15 69 33 97 
55 71 65 63 76 25 40 90 41 75 10 46 65 90 17 65 72 16 31 21 81 32 42 24 95 53 22 54 9 2 81 52 93 49 13 91 39 16 24 88 81 4 45 45 66 23 8 64 59 36 61 13 38 96 47 48 82 41 72 40 68 64 67 18 73 18 65 94 63 35 41 82 53 24 90 55 17 48 100 22 43 12 38 99 10 64 41 63 35 28 54 100 24 100 44 63 24 16 89 56 
44 25 82 92 64 84 68 6 75 11 58 25 99 75 11 38 80 45 61 4 82 78 84 27 62 44 78 40 34 98 45 59 79 75 100 97 17 20 52 4 88 35 18 28 80 27 42 87 3 92 44 90 44 35 94 21 77 79 79 15 58 89 56 33 63 52 78 69 100 59 61 48 63 13 62 60 54 93 21 30 64 67 39 98 27 97 20 41 35 28 23 54 93 3 58 11 57 37 55 21 
9 14 79 86 55 35 58 3 46 21 71 48 58 8 24 14 72 47 23 58 68 48 16 74 39 82 23 87 47 46 67 26 44 19 47 82 2 10 65 41 75 13 34 63 77 35 94 26 15 39 6 96 30 70 28 45 78 86 21 85 51 68 56 88 66 42 39 6 29 77 69 7 31 62 52 81 89 14 87 86 17 56 66 34 57 77 5 21 10 33 88 20 80 21 29 98 59 4 61 63 
82 19 28 5 97 9 81 40 64 43 4 46 48 1 67 46 77 76 57 89 1 10 67 27 62 44 77 10 97 98 63 97 4 100 9 45 34 95 82 74 54 34 23 6 11 83 61 12 96 39 35 35 98 65 38 6 10 91 91 19 97 7 54 40 75 19 20 47 53 50 73 88 60 1 78 3 55 19 86 76 98 23 33 52 51 7 87 79 65 28 20 61 71 86 53 4 25 32 68 7 
62 26 91 100 98 28 24 57 45 18 60 4 38 30 92 53 60 61 2 42 75 73 24 9 9 69 28 70 10 73 66 5 49 94 33 98 74 21 69 96 21 12 28 77 96 58 51 31 30 59 83 28 29 45 74 49 33 80 1 53 86 44 22 36 99 81 9 12 61 15 90 82 58 8 50 73 85 100 65 44 69 43 92 1 39 32 2 21 44 61 85 12 63 94 60 76 62 84 38 84 
17 40 69 87 19 89 51 25 9 81 28 28 11 68 44 91 29 78 41 93 23 69 1 97 71 95 34 35 28 84 2 2 99 17 64 55 99 97 23 18 7 5 73 81 15 28 1 87 53 61 44 99 37 20 90 35 86 38 38 19 40 89 69 44 26 73 85 68 27 42 25 56 76 8 41 33 61 80 59 31 96 4 17 18 81 46 80 1 23 19 24 90 22 71 29 58 90 33 38 30 
23 88 75 11 38 54 5 51 21 80 14 60 90 59 32 57 66 32 2 94 30 44 12 82 68 71 45 76 51 57 66 47 25 44 4 93 68 88 70 21 70 67 75 42 71 71 81 94 97 10 27 15 31 80 96 23 65 32 25 15 65 96 30 10 85 85 86 60 99 83 24 8 87 95 68 56 87 13 98 83 56 12 56 1 55 64 37 11 93 88 83 38 23 43 35 10 93 17 96 83 
58 64 78 2 34 87 27 62 64 11 40 98 28 55 84 59 19 8 88 19 75 32 28 20 80 25 54 31 84 66 35 17 28 98 37 8 41 97 16 47 30 54 33 25 38 7 8 60 50 75 19 84 15 22 20 6 59 63 65 41 98 70 34 33 28 21 47 40 38 99 84 93 14 40 76 13 25 16 6 73 79 54 47 93 12 80 74 77 42 95 39 15 16 31 75 52 50 95 18 68 
23 51 63 83 10 87 93 99 83 51 39 27 87 41 9 80 27 47 98 26 42 19 79 10 28 79 83 66 68 14 85 55 9 82 87 41 63 86 31 21 37 37 42 78 66 25 89 1 64 75 94 64 39 38 50 93 48 87 51 65 95 10 24 44 7 3 73 72 9 41 95 40 85 100 46 15 36 97 40 93 97 23 5 52 2 77 27 48 21 64 22 92 79 74 84 29 47 71 3 64 
25 22 51 47 80 25 40 45 31 42 69 37 33 63 38 40 56 94 13 91 7 34 95 70 3 62 46 2 21 11 50 64 18 99 34 76 15 40 7 29 30 51 46 87 77 66 76 37 52 52 52 25 49 30 5 55 53 3 31 67 59 90 28 35 6 95 47 16 90 100 84 58 40 99 66 35 60 67 92 72 82 14 11 41 24 70 81 6 54 66 22 8 41 81 88 72 56 24 90 24 
9 38 72 93 87 29 9 73 73 71 63 2 5 42 17 35 66 54 43 2 61 13 33 14 32 43 8 39 83 67 92 64 61 52 45 34 74 14 50 52 58 91 70 48 56 95 13 72 22 39 1 49 53 68 24 79 67 93 96 7 39 8 31 70 38 91 59 62 6 58 79 97 16 90 32 73 10 25 88 19 98 9 77 54 39 71 62 86 22 90 75 38 86 83 86 25 95 9 22 93 
67 83 76 68 73 61 24 3 20 32 4 77 64 21 43 94 52 69 16 56 39 68 75 97 50 26 53 74 78 48 44 97 24 63 56 45 51 73 91 59 44 6 35 7 1 18 96 53 60 44 6 42 97 57 25 78 58 31 89 42 20 24 32 47 100 84 82 58 71 56 62 78 28 48 84 24 76 99 66 63 61 64 41 89 16 42 13 50 90 2 48 52 4 67 23 15 86 1 19 50 
84 35 60 85 91 56 46 96 79 69 44 57 72 98 67 29 5 71 25 66 19 49 21 15 17 20 99 27 75 68 94 4 35 44 50 23 35 11 63 36 95 71 38 63 31 39 38 27 75 65 92 37 4 73 99 15 47 30 9 13 2 21 67 70 12 71 27 76 65 80 76 85 1 96 99 65 100 90 43 49 7 91 64 70 83 87 76 76 85 7 42 56 1 27 6 51 77 35 70 16 
24 59 70 73 35 31 37 80 32 92 60 23 92 34 85 39 47 100 66 83 39 70 60 26 86 61 28 85 97 59 16 43 99 27 57 73 30 100 41 85 92 46 55 88 16 34 80 60 33 15 68 15 36 55 98 71 79 1 21 40 71 95 32 15 36 12 88 25 44 14 21 30 98 43 4 15 31 19 29 18 7 36 26 60 14 1 73 50 22 60 97 70 79 44 74 39 98 35 1 91 
6 22 31 74 36 2 15 55 43 88 8 79 58 11 33 92 91 5 71 27 91 63 23 62 41 24 40 13 35 99 2 22 5 49 15 26 5 92 10 15 93 27 34 33 48 55 84 34 29 7 45 29 32 21 69 69 9 24 40 78 63 18 69 58 64 26 56 99 88 66 86 79 27 8 6 99 75 27 78 4 100 75 5 13 66 37 5 26 5 26 40 60 72 100 1 3 85 43 76 61 
80 92 34 64 52 84 80 9 24 88 64 52 70 4 55 76 51 44 92 8 20 41 75 30 6 90 42 74 45 60 58 53 37 31 97 63 91 6 30 91 22 26 87 85 89 84 37 38 78 34 29 52 85 26 81 26 40 79 92 15 14 85 39 98 5 40 5 50 55 98 88 79 48 41 89 51 17 98 76 71 37 45 76 48 70 69 29 44 7 96 40 54 45 66 50 9 55 24 36 71 
30 32 92 91 27 95 27 14 60 1 36 89 42 93 36 69 87 76 20 51 33 100 90 6 24 94 5 44 16 6 11 57 73 79 70 80 90 86 21 11 29 42 30 35 32 50 37 17 46 64 73 57 47 52 45 48 15 42 32 95 66 41 3 78 11 59 32 59 48 14 39 52 44 14 26 42 39 57 61 81 70 44 93 86 25 57 33 81 23 51 43 33 11 8 91 78 94 11 87 32 
50 42 20 48 83 17 15 75 61 36 15 97 52 89 43 48 21 2 58 59 37 1 86 21 93 68 67 62 89 45 84 96 1 93 26 26 83 38 64 17 18 48 3 18 96 34 3 48 99 11 86 45 98 47 40 64 39 28 27 79 16 55 16 13 46 22 3 81 30 86 28 23 96 25 32 70 22 99 38 98 36 66 12 58 32 72 18 38 72 80 81 94 52 13 80 48 62 10 79 34 
78 68 36 2 62 35 10 98 50 42 31 89 45 4 58 76 11 71 71 21 73 77 97 92 56 22 55 88 79 18 59 42 49 78 77 50 41 96 16 23 21 47 99 29 57 82 44 65 20 25 88 46 80 11 84 69 61 16 20 10 6 24 89 15 70 78 97 9 44 96 85 71 23 73 94 18 11 14 36 31 4 74 46 3 27 49 74 63 47 42 45 8 46 85 5 85 40 3 1 78 
52 62 73 64 60 40 12 53 20 43 30 67 79 65 24 11 21 80 63 56 50 25 29 6 1 6 96 88 43 37 48 16 44 31 33 65 68 72 62 97 37 68 27 77 69 82 9 52 100 83 90 86 100 71 9 34 3 53 81 66 98 63 98 41 84 38 36 78 93 12 8 76 93 54 85 53 11 38 90 53 14 94 47 71 60 71 60 78 11 15 84 84 72 76 40 55 8 5 58 2 
76 1 19 61 97 54 42 45 26 28 38 45 35 67 59 66 94 51 80 31 70 47 10 10 82 59 74 93 58 38 33 14 31 71 98 43 71 75 74 42 71 92 7 41 33 35 12 35 11 81 76 68 45 67 14 27 11 75 36 32 68 48 22 26 86 19 66 88 55 96 91 43 15 87 51 68 55 92 88 7 33 27 64 27 50 57 93 73 87 13 98 92 7 91 85 35 58 12 3 3 
91 94 8 81 30 24 82 73 84 47 13 47 84 15 11 69 27 19 2 91 51 97 34 26 60 63 77 26 84 52 66 98 69 88 29 70 93 55 17 63 28 75 93 81 62 9 89 61 24 10 7 11 3 63 66 47 37 77 26 64 88 26 73 100 6 3 11 76 60 76 76 96 26 58 99 50 61 56 50 83 78 100 26 2 36 82 25 90 38 49 5 70 84 36 3 82 16 77 93 57 
10 71 18 87 46 20 94 9 55 5 93 67 73 88 18 29 25 17 27 99 49 97 78 70 43 93 54 70 80 28 88 1 61 76 57 12 99 67 35 25 77 13 35 32 88 73 82 4 67 97 66 24 21 47 28 86 34 82 10 76 38 100 67 82 4 64 23 58 75 36 1 52 51 87 72 77 6 78 93 33 18 37 89 14 77 37 57 96 78 8 27 99 53 78 43 6 84 44 50 41 
62 12 4 64 3 39 77 54 56 14 17 65 91 57 2 48 44 9 77 95 56 86 76 86 81 98 69 16 11 19 63 32 58 1 46 13 27 11 26 77 62 36 89 21 56 33 71 35 41 93 59 99 68 1 30 32 1 57 82 14 87 36 26 72 65 23 5 18 41 5 26 83 74 31 38 78 39 79 74 93 98 2 16 35 59 41 35 63 13 37 71 81 56 91 69 85 57 5 73 74 
2 54 75 77 62 36 3 54 11 17 25 85 77 85 28 87 67 8 88 6 100 26 72 96 88 56 28 83 9 82 93 21 44 65 10 15 38 65 59 63 68 2 40 46 2 58 39 80 48 2 43 60 13 80 97 5 35 47 30 6 12 50 88 21 100 73 29 21 71 67 91 1 10 12 85 64 87 63 16 11 8 30 50 9 17 81 30 72 53 34 35 88 16 20 40 13 66 9 53 83 
19 87 42 57 13 28 28 46 21 2 6 31 62 72 77 87 37 93 82 78 10 81 46 9 74 25 31 13 32 100 60 42 39 52 84 1 31 95 72 14 3 76 59 80 66 25 5 20 15 65 25 9 29 74 68 60 62 69 66 1 94 31 84 46 95 68 84 27 56 22 66 84 22 68 74 80 16 66 89 63 50 91 15 4 36 14 1 54 87 98 41 82 47 59 68 54 91 95 82 14 
97 10 62 13 64 75 5 71 63 37 10 90 60 38 37 69 60 14 64 99 47 73 5 12 94 80 68 2 61 74 92 79 78 85 52 41 60 75 8 39 17 61 97 76 49 93 25 41 3 70 96 73 30 42 80 14 54 33 88 72 74 24 51 31 99 86 69 63 46 33 4 42 2 43 77 58 76 77 6 14 50 96 50 65 70 98 49 32 82 6 88 95 42 46 90 72 38 30 46 69 
15 36 32 96 86 68 82 46 61 93 22 46 61 57 63 90 64 47 47 67 14 48 12 94 45 45 50 16 40 30 27 86 97 68 31 64 90 49 77 3 25 81 81 6 23 45 13 78 87 100 75 2 52 55 58 35 27 31 20 41 52 16 51 67 100 14 38 37 54 41 44 55 87 34 78 45 38 60 14 44 23 58 11 98 47 58 15 66 27 47 71 41 11 91 65 75 35 28 82 91 
86 7 72 87 89 63 73 100 46 68 66 62 52 47 84 25 52 12 49 5 35 86 21 95 73 90 50 23 86 98 45 86 45 74 71 17 4 98 30 11 66 64 51 85 36 67 33 85 85 53 73 69 5 87 27 59 29 9 80 65 74 69 23 72 26 94 94 63 35 57 55 62 28 33 82 2 15 62 94 62 1 23 53 92 17 74 7 20 27 90 74 94 83 27 88 19 61 94 27 10 
37 72 61 14 97 36 43 42 61 26 35 55 93 4 13 20 89 62 48 76 1 3 25 94 1 45 57 94 36 10 98 63 60 55 57 53 86 92 22 33 72 48 67 99 99 44 42 93 77 1 18 84 79 6 6 3 59 47 97 62 45 90 4 80 48 45 27 67 30 94 26 81 28 51 53 54 2 1 45 94 29 42 1 100 90 83 78 59 98 10 21 58 85 96 22 63 64 22 10 74 
59 70 49 45 93 86 4 51 51 43 78 98 72 26 35 82 14 60 32 95 80 85 2 63 18 19 40 38 72 98 48 89 8 87 46 93 82 23 99 61 91 18 32 11 75 43 91 100 92 12 32 35 76 48 48 78 25 98 36 99 15 16 10 70 83 14 86 95 72 89 91 24 79 12 71 76 38 12 37 79 86 80 5 85 13 33 31 54 19 59 38 47 18 35 33 51 44 48 14 87 
77 86 74 37 62 98 87 33 6 38 95 64 84 48 39 54 74 69 53 3 30 54 7 46 58 22 4 34 100 17 89 10 25 42 60 81 83 75 49 8 96 1 50 18 87 12 99 100 77 11 85 58 53 38 53 56 54 53 54 7 60 6 17 4 76 34 53 2 55 71 43 43 3 16 46 92 40 26 3 1 22 18 99 26 70 42 72 65 40 44 40 34 87 5 13 46 17 83 26 43 
72 98 88 1 50 28 89 100 77 98 76 61 95 26 43 8 65 52 14 34 2 24 96 34 81 30 62 84 5 89 63 81 46 16 66 44 78 84 65 76 77 51 66 4 92 54 59 1 36 78 72 66 46 57 2 90 48 50 100 12 74 91 48 60 76 53 16 87 55 74 96 48 8 29 8 96 98 63 14 67 8 86 66 65 76 42 50 96 9 68 83 7 10 71 90 15 5 44 72 54 
75 22 62 49 50 49 71 8 95 87 1 72 65 10 53 93 2 89 63 64 69 5 92 62 8 64 80 100 49 87 21 68 68 3 20 65 8 76 88 82 66 30 97 57 11 30 13 96 21 22 50 77 5 98 42 90 100 26 52 22 32 44 72 36 1 97 13 50 72 33 100 72 12 8 13 90 81 17 95 92 73 81 33 82 25 88 73 36 47 22 63 8 19 82 45 24 14 46 43 88 
79 79 28 55 78 91 61 62 11 84 47 59 25 31 15 60 55 21 78 80 80 92 59 91 53 80 85 78 98 72 68 45 64 83 17 62 21 59 34 51 27 79 97 10 49 37 25 76 23 42 53 43 4 84 92 28 13 38 86 19 7 37 64 90 36 79 74 5 14 4 74 47 76 88 25 30 41 76 82 29 63 57 50 82 15 70 39 3 46 6 88 9 63 54 31 62 55 27 87 29 
12 3 49 88 78 36 28 45 75 16 76 99 25 20 8 38 75 42 72 88 99 42 17 46 28 3 77 86 8 46 48 71 26 52 9 99 75 18 10 60 22 66 30 30 32 18 12 27 29 22 67 52 6 11 95 84 52 54 65 94 52 84 71 93 59 37 1 25 62 49 75 40 76 20 23 75 18 2 18 83 2 70 71 27 1 50 13 40 71 77 8 4 7 34 38 4 9 97 92 56 
32 96 92 91 10 85 33 44 36 35 99 99 15 60 57 25 23 85 3 53 17 36 21 70 57 53 100 62 96 72 33 60 18 5 100 55 12 53 92 84 97 58 13 39 87 62 72 49 10 74 10 43 50 64 67 65 44 70 26 12 44 5 98 56 54 5 16 77 50 9 75 88 59 38 89 62 32 92 65 72 56 88 24 98 23 26 30 13 6 23 53 24 90 52 13 84 40 23 8 97 
14 79 29 72 65 55 38 78 40 1 100 66 51 72 94 37 5 92 42 48 53 89 98 77 37 56 42 70 28 77 69 98 99 63 73 52 83 89 81 2 87 13 40 43 98 14 15 98 38 81 21 31 85 2 23 28 36 98 6 27 31 9 79 36 75 4 26 56 32 80 48 66 68 28 92 1 98 96 2 13 81 72 36 25 53 89 8 37 95 48 76 4 93 85 86 37 3 67 14 38 
66 87 77 97 19 40 97 42 53 49 87 41 11 58 2 42 35 5 91 11 39 29 16 54 82 100 78 19 35 39 51 80 40 25 44 48 30 59 73 11 46 19 39 45 78 5 60 57 75 76 89 1 95 79 14 24 26 71 39 7 67 72 81 37 29 36 63 34 71 53 45 5 82 43 19 100 49 86 44 67 82 66 40 1 80 87 92 5 47 85 33 99 98 71 63 76 77 51 66 99 
35 55 36 93 27 99 39 1 32 96 69 76 62 55 88 18 68 96 17 22 92 52 4 54 65 50 40 43 82 83 28 75 7 65 2 88 35 89 50 36 63 41 19 46 14 7 37 21 69 16 81 77 7 62 72 23 72 51 57 26 86 18 76 83 45 42 66 57 51 85 60 65 57 24 79 60 21 42 98 21 18 83 28 89 37 97 46 30 22 98 98 3 96 97 41 86 88 78 100 48 
90 67 32 50 73 74 10 8 58 6 22 68 15 36 16 27 96 78 72 73 35 63 8 26 100 6 55 40 72 42 86 26 97 87 93 95 19 28 91 67 57 99 65 27 65 44 26 7 39 25 30 10 48 83 98 38 64 56 29 36 37 31 24 40 11 54 90 91 39 25 38 71 39 71 7 53 71 53 36 27 30 36 97 24 5 7 75 13 95 23 20 69 18 15 19 95 55 14 17 47 
74 52 64 73 98 93 89 1 35 4 9 63 61 54 47 91 6 19 76 47 16 78 100 79 46 57 4 30 5 20 98 60 1 60 47 98 25 50 46 86 79 31 33 81 40 77 41 29 30 37 2 21 62 83 9 92 83 22 13 36 100 7 17 72 67 28 48 4 30 78 60 15 81 55 38 37 94 73 82 57 56 94 30 94 57 87 75 10 82 44 95 51 8 60 43 42 88 24 87 17 
38 58 16 88 46 89 92 100 11 35 42 29 47 10 47 29 28 84 32 33 17 25 66 52 64 30 37 96 38 56 87 83 48 18 6 77 89 60 27 50 28 74 9 72 94 83 53 60 5 12 53 89 91 99 58 43 87 82 43 26 60 52 70 75 9 45 31 43 89 63 81 44 88 78 49 89 11 8 24 83 55 4 38 94 3 64 99 18 91 22 98 73 93 15 58 28 77 61 82 4 
78 56 59 71 84 19 45 94 86 63 33 59 5 45 77 7 97 87 18 27 56 23 65 71 36 87 12 32 30 77 82 1 40 11 91 51 3 92 60 73 64 41 58 91 26 20 39 59 53 16 54 34 33 65 97 75 75 1 74 78 66 89 49 23 61 75 87 43 61 1 87 40 15 21 75 6 70 66 42 5 1 94 19 22 93 74 80 66 6 100 6 6 3 7 44 44 56 30 64 24 
13 42 66 90 74 43 76 84 42 46 50 2 94 14 87 17 75 84 73 84 99 34 10 82 61 22 77 45 38 54 12 76 70 2 43 97 43 61 57 70 10 8 46 34 52 82 39 33 30 100 53 51 93 54 21 82 29 44 50 47 76 71 39 99 58 65 45 73 98 52 50 54 44 12 52 84 42 78 2 36 30 67 71 30 40 64 40 43 37 69 96 3 84 31 8 22 5 30 63 26 
77 83 90 23 4 42 63 34 72 5 16 74 57 20 31 89 39 63 87 90 52 46 56 39 33 2 15 73 55 79 11 48 69 68 27 60 25 16 47 61 28 47 48 73 57 50 6 47 76 14 91 68 46 52 22 89 100 75 45 20 26 12 72 59 82 35 44 11 23 53 85 29 27 55 23 58 84 7 51 95 79 67 37 22 22 59 19 30 51 29 100 18 71 47 4 93 69 43 43 95 
43 46 76 51
8 80 57 97
20 7 32 60
50 15 58 69
45 8 85 71
29 13 56 90
27 29 65 40
16 16 68 56
34 33 95 71
10 27 98 75
23 14 50 16
32 1 34 61
28 54 63 69
89 22 93 95
14 61 84 77
43 16 91 73
11 72 92 89
37 10 89 53
16 72 97 100
26 25 69 68
28 38 62 91
15 27 92 73
12 24 69 84
2 80 14 100
22 11 90 97
56 48 95 72
4 57 50 72
8 21 8 79
24 67 44 99
30 71 98 88
84 2 86 32
77 64 81 69
67 28 81 70
38 31 82 47
6 38 56 53
18 17 20 91
14 43 37 95
8 39 50 59
29 8 98 78
6 54 23 97
24 27 73 57
13 6 88 38
9 3 50 95
31 33 70 77
9 13 32 89
5 17 42 91
26 28 29 50
71 7 99 50
18 3 32 9
21 15 87 52
26 18 51 53
19 6 75 48
22 29 70 73
56 65 80 89
6 15 8 86
7 62 69 88
21 11 47 48
10 3 55 86
11 22 72 23
4 93 13 99
15 58 29 92
1 23 84 91
11 59 80 70
15 33 15 60
3 19 39 78
20 91 23 93
74 75 86 99
21 11 86 45
17 8 96 26
23 24 70 26
15 17 86 51
70 14 79 36
23 82 100 88
1 67 75 73
36 37 59 59
25 8 68 65
51 7 100 58
34 70 88 70
74 58 83 98
73 69 82 74
5 65 24 99
37 10 92 76
69 34 91 93
76 17 100 45
34 25 37 82
63 17 100 24
24 30 33 86
2 79 12 80
5 47 29 63
41 75 80 88
8 3 95 100
37 8 92 39
49 6 69 44
7 10 15 29
23 19 29 76
39 35 95 86
1 32 14 94
11 23 35 98
60 26 95 85
38 12 67 97
