101
91 14
1 95
51 9
2 95
40 8
3 95
85 11
4 95
48 60
5 95
61 32
6 95
95 46
7 95
33 99
8 95
40 25
9 95
35 98
10 95
34 75
11 95
59 85
12 95
25 99
13 95
15 9
14 95
23 24
15 95
47 90
16 95
40 43
17 95
29 40
18 95
56 54
19 95
89 73
20 95
78 77
21 95
81 23
22 95
91 55
23 95
25 85
24 95
20 90
25 95
12 31
26 95
71 66
27 95
17 40
28 95
72 19
29 95
49 31
30 95
15 23
31 95
41 60
32 95
27 13
33 95
93 2
34 95
78 88
35 95
51 55
36 95
38 57
37 95
49 1
38 95
50 71
39 95
57 80
40 95
10 87
41 95
64 75
42 95
66 6
43 95
69 76
44 95
59 92
45 95
87 32
46 95
41 90
47 95
95 8
48 95
35 77
49 95
96 49
50 95
26 28
51 95
92 72
52 95
9 6
53 95
78 6
54 95
39 28
55 95
76 88
56 95
34 8
57 95
46 99
58 95
88 41
59 95
87 1
60 95
101 48
61 95
81 11
62 95
32 79
63 95
83 19
64 95
32 6
65 95
76 94
66 95
43 89
67 95
58 76
68 95
43 2
69 95
44 85
70 95
31 75
71 95
87 33
72 95
91 13
73 95
89 24
74 95
4 42
75 95
66 7
76 95
78 83
77 95
13 57
78 95
56 51
79 95
83 3
80 95
36 23
81 95
36 86
82 95
25 56
83 95
45 94
84 95
91 93
85 95
92 48
86 95
19 17
87 95
15 38
88 95
45 19
89 95
85 45
90 95
51 89
91 95
62 52
92 95
43 51
93 95
87 69
94 95
91 24
95 95
94 35
96 95
53 2
97 95
40 65
98 95
41 16
99 95
47 70
100 95
15 5
101 95
15 37
99 85
9 86
14 60
30 58
64 6
92 33
87 9
33 8
58 11
56 7
81 39
47 8
9 23
98 45
17 45
20 63
70 47
30 99
50 89
54 92
100 71
63 28
58 82
13 61
85 89
95 27
76 99
70 71
93 52
94 19
55 56
92 55
93 58
61 46
6 85
29 72
54 85
1 12
1 30
16 59
51 72
61 86
60 68
74 49
68 21
19 60
55 45
11 15
28 75
58 56
54 17
23 12
65 26
1 10
37 46
21 100
85 94
60 10
93 63
85 99
66 9
15 21
76 65
23 3
41 6
98 48
61 28
30 81
84 71
65 68
41 78
22 7
21 70
41 62
7 39
19 90
92 13
97 68
49 63
51 69
81 94
5 23
50 22
69 33
55 86
46 86
14 32
100 35
40 12
94 41
40 47
89 90
8 2
10 55
62 98
10 61
18 79
75 52
58 46
63 15
33 83
22 47
38 21
2 48
22 62
3 83
61 77
5 1
32 76
12 2
44 69
54 7
79 28
92 28
3 75
64 78
96 100
80 101
19 53
80 69
3 94
44 56
97 17
16 49
68 89
90 66
56 16
67 44
99 98
91 50
69 42
45 73
16 79
9 99
53 8
24 92
87 24
94 84
9 97
19 57
25 30
61 12
56 2
89 82
84 42
30 64
86 38
81 79
99 36
42 67
33 76
47 27
19 79
71 54
32 40
60 27
87 44
8 87
48 14
65 96
28 64
65 101
42 4
30 97
100 7
80 86
1 45
17 39
10 94
36 33
71 98
68 99
56 78
34 13
15 73
39 79
67 49
92 38
76 58
84 12
85 26
61 57
56 11
13 30
59 10
57 14
33 44
26 41
78 41
78 76
83 33
5 65
21 1
61 9
12 19
97 65
48 43
90 77
15 88
52 66
88 72
58 43
29 83
20 96
81 42
56 92
66 90
95 52
87 62
15 36
24 32
86 59
26 50
79 88
37 60
93 36
24 23
78 101
34 97
34 7
73 51
56 76
5 34
36 94
82 13
5 50
38 67
34 36
23 73
41 1
74 18
72 92
1 94
22 38
78 80
49 69
61 6
46 69
24 27
86 51
55 32
16 53
64 68
50 54
62 82
84 14
58 59
67 34
63 8
92 4
72 45
33 53
39 54
48 64
22 42
87 26
57 68
62 18
18 54
55 87
33 19
25 48
20 15
61 1
94 62
76 22
37 10
82 48
39 101
37 14
97 92
79 11
26 96
57 78
69 89
23 71
21 52
91 85
70 87
80 16
18 24
58 26
14 91
98 22
18 29
54 9
77 70
92 63
7 11
44 89
39 4
100 76
74 90
24 36
59 60
78 86
10 85
20 88
66 25
52 76
21 48
20 98
42 72
15 22
78 87
99 72
51 76
46 72
22 29
57 100
29 11
95 33
14 53
47 33
25 35
84 63
23 72
44 8
47 38
96 75
36 84
26 82
34 50
71 68
7 61
64 97
31 7
85 82
2 1
3 2
49 77
8 84
22 52
19 71
42 98
96 6
11 59
50 60
94 23
14 97
23 88
8 28
61 64
54 22
37 88
4 15
14 85
4 10
83 50
62 11
56 58
69 65
63 69
55 43
50 34
96 89
32 78
39 26
35 90
20 30
65 60
33 77
77 39
60 101
94 83
41 40
37 6
24 15
85 33
56 36
34 48
83 31
58 45
52 43
37 52
67 69
87 80
96 44
65 69
33 28
36 65
6 43
60 47
67 92
71 19
92 74
98 78
4 44
82 66
63 68
100 65
93 59
15 3
71 4
29 92
63 21
11 39
59 37
9 20
2 33
64 31
15 18
84 76
78 68
27 15
12 66
56 30
87 37
56 21
89 96
30 78
83 93
45 79
93 55
12 41
6 50
91 82
47 41
55 60
27 10
70 25
66 80
19 30
70 98
69 26
52 14
36 34
69 75
61 29
80 56
72 98
26 9
56 65
67 98
49 22
42 48
19 27
60 3
90 12
79 61
27 100
32 94
82 12
91 74
11 12
74 45
75 2
46 52
22 25
59 73
22 23
49 3
13 100
26 25
91 77
58 1
65 97
45 28
101 65
92 20
67 60
74 79
49 15
48 19
35 30
59 27
61 17
84 25
67 91
61 91
67 59
57 98
42 85
76 14
2 61
22 46
98 21
51 20
71 55
68 98
13 76
46 11
51 33
85 93
9 48
38 54
70 51
56 26
55 11
64 47
54 36
84 94
73 97
38 83
75 6
8 49
79 68
66 18
32 30
56 38
20 67
48 27
48 9
23 98
86 60
56 61
23 42
85 49
82 65
101 17
53 67
73 90
23 79
95 87
16 97
72 5
88 93
9 29
74 93
80 78
94 42
56 73
60 8
86 14
21 99
3 50
38 42
93 85
24 20
64 10
17 33
58 100
36 52
63 57
50 77
61 14
43 94
21 87
29 39
23 20
44 59
72 21
85 30
7 45
82 70
38 7
100 86
63 74
67 67
70 85
12 26
95 43
63 14
92 66
71 14
67 12
24 9
38 53
98 82
58 25
51 92
70 14
45 27
1 50
95 5
71 67
99 30
43 37
32 100
4 90
23 40
29 60
21 33
92 65
49 35
24 68
19 41
12 77
96 78
92 34
6 33
31 70
75 31
73 89
71 76
12 30
98 94
62 39
44 88
64 22
70 49
91 78
92 26
32 92
42 65
44 51
89 92
53 19
34 60
56 25
48 17
72 24
80 38
79 20
45 72
37 21
99 60
82 9
81 12
39 37
64 60
38 11
9 30
73 39
19 22
13 68
24 38
41 54
86 96
101 70
68 86
89 44
30 57
2 66
30 1
8 48
22 80
27 82
30 101
82 59
44 77
43 73
78 38
82 52
56 99
82 16
31 63
85 84
67 77
14 58
54 28
66 19
91 16
77 24
78 34
73 38
12 1
87 28
3 100
49 16
75 42
31 53
54 82
5 22
67 46
2 90
24 1
54 2
93 26
68 54
15 32
35 101
45 82
13 3
16 62
19 18
30 38
94 15
22 8
86 80
84 90
52 68
83 41
50 61
32 23
2 34
15 4
56 67
38 26
7 23
61 56
6 101
69 85
18 53
31 25
44 36
16 67
86 4
40 27
96 34
77 2
79 32
48 4
34 71
81 67
66 31
101 76
49 72
30 14
82 58
99 66
96 31
58 57
72 15
74 65
64 44
74 26
40 7
48 77
52 8
46 74
55 47
73 31
42 9
68 62
13 31
2 75
60 40
4 49
76 24
98 38
39 60
87 73
101 92
92 27
90 31
27 3
92 44
24 51
88 79
14 37
74 20
18 87
33 56
83 64
85 18
80 52
79 84
21 76
30 13
65 17
98 7
94 101
58 64
53 38
93 60
9 68
62 74
5 80
75 83
18 94
12 81
83 43
60 33
91 100
34 92
94 98
6 16
58 61
34 86
31 67
24 24
100 46
5 11
7 74
63 31
46 53
81 18
18 59
97 12
6 34
49 55
39 52
66 1
58 29
80 8
77 42
66 5
50 11
91 56
81 15
41 69
38 5
76 5
11 67
22 6
84 67
26 85
91 7
22 39
34 63
76 66
73 60
14 21
23 94
12 64
92 85
2 78
11 40
97 4
19 6
6 81
67 42
76 25
98 96
97 79
83 85
14 7
59 93
72 28
26 100
10 15
14 70
1 82
42 23
35 4
99 88
13 62
42 19
85 20
24 2
97 28
47 52
22 100
58 75
46 65
88 92
2 20
26 27
94 31
101 81
92 31
44 20
96 97
91 70
66 74
65 35
93 93
80 19
5 92
89 61
27 33
11 81
101 12
75 75
26 58
25 44
20 16
50 25
2 2
89 88
10 57
36 50
47 83
33 84
57 24
54 67
43 98
84 52
11 85
27 29
53 77
34 27
90 15
81 26
36 74
3 11
67 18
42 30
89 69
52 13
60 30
47 54
54 71
57 99
68 24
99 84
37 19
14 33
52 57
83 47
15 44
49 6
36 53
45 11
43 97
83 4
80 89
81 6
61 81
79 6
20 25
11 91
75 27
14 51
37 48
69 28
37 30
63 2
16 37
95 75
53 73
86 97
29 62
100 20
34 24
97 30
27 35
50 74
93 21
56 63
77 74
78 28
9 16
95 96
1 5
81 19
100 99
51 11
67 73
85 39
65 83
16 69
101 40
95 47
1 23
30 47
22 91
62 2
23 81
70 1
36 21
74 51
82 31
89 36
4 101
53 37
93 28
27 85
31 74
1 22
8 15
20 2
101 6
10 1
59 67
99 52
63 6
47 88
65 92
90 64
48 96
96 25
67 17
29 35
35 3
27 5
17 30
31 2
23 56
87 46
77 40
94 74
37 20
7 32
73 22
84 79
27 18
13 38
36 91
50 40
89 62
71 36
49 27
39 43
19 91
8 92
71 71
89 6
78 15
70 84
88 76
76 53
96 15
49 81
35 83
64 19
97 38
96 77
100 30
56 81
84 15
35 71
62 4
2 31
69 29
81 56
69 2
12 37
85 60
87 52
73 76
5 55
40 97
100 29
17 11
19 29
27 69
101 93
25 5
63 17
82 29
26 65
95 85
17 78
47 45
81 36
74 25
73 74
40 9
4 75
46 83
87 68
65 22
85 4
14 14
84 78
90 92
26 49
83 57
8 91
34 94
100 37
54 10
72 23
41 64
71 20
11 101
6 54
23 76
83 53
60 46
17 43
28 21
50 30
6 1
36 30
28 62
55 39
31 18
82 92
64 93
19 45
55 50
84 46
4 87
45 30
83 21
52 78
83 91
83 58
9 100
39 67
60 67
18 25
86 28
10 77
1 18
72 83
83 29
69 30
91 73
10 48
25 23
87 100
6 26
17 96
26 8
61 82
8 71
70 2
91 68
33 91
32 28
20 6
43 81
97 50
81 22
66 52
33 10
80 40
4 46
89 23
44 68
39 61
88 66
101 61
33 43
83 98
58 65
50 37
46 67
46 46
12 11
52 40
38 35
79 92
40 68
4 54
79 54
30 39
81 65
71 59
48 48
55 14
49 19
88 10
73 14
55 15
94 26
28 6
84 22
53 44
30 51
94 9
2 64
19 96
77 59
18 31
53 66
27 101
91 101
35 56
96 67
80 74
88 3
74 27
63 93
78 7
4 45
83 63
15 16
76 50
80 93
100 10
35 69
96 57
82 36
100 55
36 67
97 62
25 25
50 90
30 67
37 1
2 85
75 80
41 17
52 32
94 78
19 86
17 5
74 99
12 54
95 20
47 4
98 84
10 56
49 48
28 50
37 64
6 20
85 35
87 86
39 18
92 15
51 58
52 92
99 62
26 6
87 59
85 100
61 68
92 40
80 29
9 57
19 65
75 90
31 14
18 58
32 41
55 85
12 52
86 26
61 19
100 39
52 79
57 70
80 2
16 57
34 96
65 36
31 93
22 68
39 3
43 59
86 41
7 66
4 30
100 97
61 27
49 44
9 50
65 23
57 75
83 75
4 23
28 3
94 48
33 31
20 70
19 66
72 82
99 63
72 91
18 82
45 68
25 97
21 30
42 34
78 18
83 48
48 20
70 96
30 86
31 42
16 100
59 66
60 7
15 56
6 84
32 7
23 50
8 98
56 89
12 63
89 49
43 35
86 94
93 15
57 52
33 38
77 49
72 39
23 27
84 93
40 85
33 63
21 82
66 16
2 45
36 56
59 86
96 59
81 63
25 6
37 44
59 41
92 97
68 68
87 13
53 15
19 74
34 93
62 5
57 11
96 73
69 3
3 26
52 31
71 92
7 85
38 99
54 44
82 14
8 54
85 25
40 67
27 52
4 47
93 17
73 58
85 69
55 46
42 12
92 35
47 47
26 84
23 86
36 45
13 91
78 71
7 21
88 101
15 50
30 61
98 43
81 77
35 24
21 23
25 94
16 83
89 35
86 56
16 36
33 79
2 44
57 83
27 4
32 52
58 39
63 20
61 52
86 24
12 88
95 29
95 6
54 98
18 90
19 94
79 98
45 99
76 68
94 44
64 40
42 99
57 6
37 74
53 62
32 50
49 7
67 26
100 33
76 12
15 96
62 75
70 55
41 25
10 2
99 68
61 44
70 9
37 18
36 44
101 58
39 82
20 5
87 98
40 26
16 6
92 79
76 36
43 4
91 17
69 72
61 4
59 15
59 26
75 18
101 11
5 14
30 29
18 89
69 23
24 21
73 52
70 24
31 97
78 89
98 52
72 49
12 17
8 59
39 66
89 7
15 43
25 55
3 51
10 100
24 28
34 76
62 67
16 101
20 39
67 43
47 76
59 94
78 23
83 11
57 50
16 99
7 5
13 90
97 5
62 50
79 21
66 21
11 36
93 19
57 93
36 54
61 63
101 80
48 32
91 64
1 101
61 7
24 35
38 59
40 39
82 67
20 8
28 80
51 78
22 19
89 97
8 31
43 8
10 65
41 77
13 88
45 67
78 69
12 16
25 74
82 1
26 63
90 24
53 55
38 29
82 84
38 82
21 65
43 54
96 88
5 15
82 56
82 4
23 53
92 101
72 27
17 44
68 96
94 6
78 19
16 32
1 20
1 73
82 75
23 23
73 32
8 90
88 8
51 88
26 64
73 88
44 16
17 32
6 38
39 5
92 7
9 22
18 76
91 19
22 21
20 78
97 27
84 34
71 16
26 47
1 47
25 92
39 75
14 6
53 65
64 64
73 80
65 55
52 41
90 62
97 63
71 83
50 92
3 15
78 5
15 81
29 61
14 22
68 13
99 99
70 28
38 4
42 70
55 88
30 70
44 64
65 58
14 74
81 33
21 14
75 71
49 79
68 59
48 41
77 53
16 14
96 63
49 90
88 98
90 86
37 43
84 81
88 35
93 34
89 27
10 17
20 46
63 76
20 92
96 40
26 20
52 15
35 63
38 50
92 39
42 73
36 26
7 33
29 55
60 15
62 77
62 46
46 23
36 98
72 16
73 12
10 45
39 77
18 38
45 86
40 10
37 42
88 14
76 28
63 81
41 94
82 50
2 29
61 49
79 51
28 20
75 100
82 23
34 68
73 26
18 11
85 91
74 23
33 97
99 21
48 73
55 74
35 64
16 4
3 101
75 101
70 38
73 94
83 86
11 23
98 89
16 68
19 100
93 92
52 73
94 57
97 71
47 99
29 44
17 87
75 94
60 43
42 43
41 39
21 58
80 49
40 88
35 97
61 39
63 99
60 34
89 78
43 100
101 86
48 8
49 17
61 100
56 77
94 89
67 81
83 96
94 92
95 73
92 94
69 17
84 74
41 15
80 27
75 19
86 100
83 89
30 93
98 46
36 82
65 42
29 42
11 43
20 61
19 82
41 93
34 47
26 30
67 74
44 45
42 40
101 85
49 67
19 72
36 88
47 77
74 8
73 1
37 8
14 11
36 43
40 94
68 26
92 92
99 97
91 84
23 49
69 34
58 72
74 22
5 16
86 83
61 96
33 52
86 12
44 38
70 60
68 42
70 36
59 29
19 48
22 76
2 39
58 48
99 54
72 66
43 33
57 19
83 40
18 18
95 92
24 97
6 75
88 94
26 21
20 60
80 42
81 24
64 58
34 26
40 44
60 39
6 89
75 36
62 3
2 88
93 31
49 94
92 45
99 33
52 48
28 45
100 89
26 13
7 22
66 43
11 46
24 96
93 61
63 3
10 83
16 86
11 55
77 65
62 66
42 54
24 13
95 44
13 78
75 67
18 78
50 10
38 33
81 54
64 39
38 98
74 46
97 91
87 47
77 26
71 84
27 73
3 17
24 73
91 27
70 90
6 73
85 80
57 38
79 58
64 50
60 57
25 68
39 81
24 60
78 67
26 71
31 51
44 1
77 43
15 40
97 72
35 37
16 52
54 8
17 53
88 16
82 17
50 99
8 12
68 28
31 10
24 57
56 98
32 5
85 74
62 100
17 14
37 36
25 60
30 62
73 25
40 15
95 21
6 59
98 10
57 60
27 80
7 88
76 43
60 72
35 8
9 17
65 63
20 101
97 18
36 55
10 30
10 18
26 80
28 101
44 42
74 73
50 1
40 56
56 4
53 89
35 39
10 93
30 60
16 47
81 98
26 22
59 75
79 81
66 54
60 41
42 28
89 5
64 1
90 4
59 89
101 78
53 47
59 50
42 29
20 91
8 67
91 1
75 5
59 43
95 18
14 54
22 56
82 93
45 22
19 23
24 14
87 76
67 20
52 64
85 83
54 5
29 73
27 19
46 101
58 33
23 90
7 55
7 14
18 14
3 66
87 35
40 17
14 2
39 97
74 34
6 28
12 78
37 56
28 83
79 82
14 16
84 88
48 61
82 91
37 26
84 85
93 29
36 13
88 55
35 27
42 86
21 71
82 40
82 39
2 74
11 87
65 4
98 16
26 29
97 69
76 16
33 81
57 66
2 101
54 57
41 28
54 59
66 99
30 65
8 36
7 65
98 79
87 15
65 44
30 21
16 85
72 73
85 16
59 14
30 52
7 13
10 10
31 32
98 41
44 30
1 48
101 2
97 13
62 59
41 100
93 53
89 16
98 32
3 24
9 45
2 76
48 23
62 30
78 29
7 82
33 15
17 46
35 55
51 101
78 21
35 46
78 50
4 81
25 22
16 50
95 82
5 67
83 44
10 62
41 75
46 45
57 10
11 62
37 53
94 2
17 89
21 83
3 40
31 90
22 53
86 25
66 35
57 90
84 84
37 71
18 21
40 91
59 24
70 43
71 86
38 36
24 48
50 8
54 11
38 9
79 77
17 92
96 33
78 46
69 49
28 100
64 24
37 68
46 77
15 14
3 96
2 23
89 31
43 26
79 75
46 49
82 86
86 20
55 61
84 72
15 34
69 50
11 50
24 65
84 65
52 28
44 96
64 8
47 80
45 65
53 49
90 93
63 46
44 60
57 53
64 5
43 13
56 72
38 49
67 93
47 30
20 14
68 72
60 45
13 73
11 44
8 45
76 3
8 66
39 9
59 91
99 32
31 99
10 29
8 29
26 90
79 91
96 85
46 28
15 35
87 49
19 20
9 52
46 34
38 43
100 53
37 91
9 38
9 4
90 73
20 72
12 42
77 97
8 19
60 66
25 32
87 16
31 37
11 11
20 83
25 42
67 21
60 53
48 42
97 34
40 13
92 5
39 44
27 43
51 85
17 77
37 81
67 89
62 84
30 100
97 85
1 39
21 17
17 52
84 57
22 45
33 72
23 58
6 11
15 91
29 34
17 29
19 58
4 52
59 20
70 75
69 80
20 94
71 30
31 79
76 63
68 78
35 6
32 37
76 19
18 6
90 20
35 16
48 15
9 83
84 8
61 88
58 24
17 72
69 68
29 30
31 81
55 16
10 60
16 75
90 71
15 13
50 36
28 97
38 89
37 84
33 64
17 101
96 42
84 45
82 97
15 60
11 33
51 30
7 51
38 44
94 8
31 5
69 58
42 2
99 44
17 22
52 47
70 82
16 16
76 30
8 43
87 93
82 42
24 82
29 43
76 97
42 37
56 49
26 86
29 63
56 101
10 34
28 29
16 45
64 86
90 47
28 43
56 5
23 18
6 49
20 18
12 91
45 24
99 1
1 97
30 48
31 20
20 65
62 68
93 22
47 23
71 52
11 1
101 69
71 40
96 12
38 65
20 51
17 59
85 71
97 36
47 96
81 17
48 86
73 21
6 79
55 51
18 7
31 44
98 56
26 69
96 58
50 19
82 82
89 70
13 74
100 61
48 22
18 47
56 57
57 85
69 101
87 30
43 91
1 93
80 65
4 35
59 36
14 44
14 3
49 29
7 91
55 90
4 18
64 72
52 58
31 77
38 32
63 71
67 32
23 101
8 9
95 45
96 46
38 25
25 98
6 60
90 6
77 51
91 87
73 45
44 24
53 57
12 10
22 64
7 89
61 76
17 58
10 4
87 70
14 43
86 77
28 15
61 16
3 78
78 17
30 88
14 56
14 45
36 7
4 39
5 58
65 91
38 81
30 96
50 12
15 51
8 100
79 79
8 82
28 11
54 75
82 83
16 8
35 79
100 27
72 7
59 54
79 43
60 56
59 76
24 47
66 85
78 2
101 20
76 83
30 35
42 36
38 10
27 78
88 24
43 38
42 8
69 47
16 9
57 81
10 70
67 16
35 73
45 53
69 25
90 100
2 38
8 42
14 65
44 67
56 39
78 73
76 18
98 88
48 10
77 68
21 97
59 82
94 5
74 13
32 20
66 14
58 49
9 84
6 10
48 76
8 16
34 28
14 18
68 16
59 88
35 53
14 62
39 68
33 89
16 26
68 73
79 80
73 53
64 52
28 49
89 22
4 80
79 4
64 76
18 10
71 34
91 32
15 69
72 100
89 20
70 12
62 22
75 76
57 101
79 16
91 98
67 71
29 16
57 20
98 74
48 28
16 10
78 33
9 26
40 100
86 2
33 46
55 10
98 40
77 99
41 47
29 18
68 37
18 63
71 6
30 53
13 98
88 27
45 21
93 66
79 73
85 98
42 39
50 69
42 96
19 63
66 17
87 11
60 19
28 30
86 70
27 81
65 27
63 58
57 89
101 44
67 97
75 41
39 53
94 18
8 75
43 50
98 54
84 75
40 52
9 55
78 66
27 77
88 51
26 34
22 71
99 101
3 91
79 15
94 10
75 23
96 20
50 100
32 90
101 32
32 67
72 58
51 6
2 63
100 79
15 28
63 62
62 99
7 52
51 83
57 37
56 41
3 34
75 62
25 20
101 101
97 54
19 97
76 61
1 98
70 7
4 64
38 74
41 87
36 35
100 58
84 92
70 81
95 51
86 81
81 16
57 63
96 13
16 24
57 18
46 9
87 63
57 9
94 4
75 92
33 42
65 65
36 81
60 5
85 77
68 18
67 62
81 4
41 18
47 50
66 32
97 3
19 13
29 32
11 16
6 71
26 5
38 71
61 47
7 81
99 20
72 51
55 38
77 30
15 68
12 50
72 71
97 98
15 57
6 37
51 19
25 100
7 92
49 76
40 58
98 73
74 61
21 86
57 88
31 50
83 92
49 73
72 68
42 76
90 41
27 74
98 57
54 69
84 58
80 24
4 16
55 79
66 11
73 43
70 5
80 33
5 48
77 21
40 98
25 53
90 89
67 85
57 86
6 44
18 26
80 76
97 60
32 42
63 94
95 22
48 1
14 86
60 85
88 5
57 91
41 97
99 18
11 83
83 24
13 80
98 77
76 60
61 60
46 13
56 1
48 88
28 16
17 41
67 31
78 100
30 87
41 84
78 85
28 52
81 30
35 92
81 86
39 17
31 31
76 98
45 47
50 15
51 26
19 78
84 2
92 50
83 56
85 63
30 72
97 7
77 76
95 39
73 75
95 60
89 99
65 54
53 90
63 41
57 54
42 87
87 77
13 6
85 36
96 64
15 86
68 39
77 50
2 5
85 97
9 93
44 47
72 35
72 77
19 43
9 14
5 62
23 69
71 29
80 71
49 68
22 89
2 50
43 46
49 64
62 76
6 98
71 32
100 22
70 27
57 15
100 70
5 86
62 37
22 11
101 56
80 13
17 17
24 25
2 22
65 43
53 50
6 92
94 81
58 99
37 40
28 28
13 10
13 59
58 8
6 77
86 75
31 41
27 17
76 29
83 20
76 8
56 15
16 66
51 47
36 46
73 4
45 33
95 59
65 76
1 85
21 50
26 98
86 7
8 30
74 12
76 7
90 87
100 100
3 53
32 96
87 22
50 98
34 98
11 66
70 45
64 51
19 34
16 7
62 96
89 91
59 22
20 7
32 47
99 49
50 51
67 47
75 26
24 11
9 47
92 37
100 91
35 15
34 3
84 83
66 98
77 34
91 30
32 9
54 58
91 60
22 86
95 2
46 92
93 23
24 40
91 71
4 3
79 56
36 9
52 80
57 61
50 66
91 57
33 40
79 7
90 76
70 83
95 63
87 78
85 78
72 11
95 11
86 62
69 9
39 11
81 76
3 98
51 3
69 38
94 76
12 28
35 25
99 16
5 5
11 54
54 37
41 67
88 96
87 75
11 90
78 82
47 15
2 53
20 40
19 49
17 67
15 19
10 26
95 42
51 43
51 57
11 35
69 16
90 94
17 66
8 70
68 31
49 43
45 15
63 52
5 31
35 54
2 6
94 56
94 58
99 4
35 28
57 1
34 17
54 26
89 12
12 82
2 98
88 29
14 68
43 39
74 47
82 63
95 28
57 71
53 35
43 58
57 36
63 18
7 101
90 83
12 98
28 99
44 6
4 48
78 1
83 101
30 71
16 27
57 26
12 71
87 72
40 14
99 12
48 51
99 35
59 17
46 71
41 26
77 6
53 52
46 100
38 30
3 5
101 75
92 42
12 53
39 87
34 65
76 33
60 22
44 66
30 89
6 82
63 82
85 65
45 83
46 87
41 20
17 19
81 90
62 87
33 32
5 72
69 63
65 25
81 69
68 92
2 24
5 36
72 36
98 97
93 54
38 101
81 75
1 54
19 42
75 34
77 18
47 2
89 43
26 7
69 20
53 34
100 82
70 67
78 75
68 101
101 52
76 67
45 84
88 30
65 34
32 8
84 26
86 72
62 88
34 35
76 57
32 81
97 100
20 56
94 54
95 99
44 83
57 35
39 47
78 31
6 90
9 11
41 4
49 30
31 1
88 87
94 80
44 33
50 56
79 60
38 38
9 89
84 6
30 30
43 25
15 82
70 31
52 61
62 15
18 52
98 42
31 101
31 26
42 41
9 21
46 98
8 38
3 3
4 21
7 36
84 32
68 60
48 46
88 4
79 5
90 81
44 72
42 82
54 54
19 80
14 101
10 16
82 87
34 11
7 17
27 24
43 36
47 46
73 6
86 34
94 97
40 46
45 32
88 63
80 84
54 55
26 94
90 59
49 28
44 29
68 43
78 96
10 69
86 29
29 87
21 37
26 81
60 99
48 35
29 101
63 5
16 11
90 54
90 78
50 64
37 99
22 63
86 82
33 34
41 38
14 29
47 42
99 9
72 80
56 10
39 27
6 86
45 39
17 24
38 92
62 45
13 22
18 97
94 46
48 29
31 98
56 59
48 49
29 15
46 4
76 49
69 19
20 99
39 55
81 1
43 15
76 70
76 79
39 90
76 74
81 20
66 55
37 67
48 62
88 31
25 73
72 101
79 19
91 92
65 59
50 94
97 25
97 64
53 76
68 2
33 21
10 49
75 88
69 90
45 57
35 70
56 68
45 100
58 27
56 62
23 84
66 3
83 12
85 55
24 22
49 78
26 4
91 83
34 32
78 9
94 47
17 81
75 89
90 42
82 57
39 51
72 18
7 49
25 7
5 101
71 94
98 72
39 41
21 96
1 3
51 93
80 98
32 60
23 62
71 61
67 10
8 76
33 16
76 55
61 35
56 69
46 3
93 73
93 98
56 20
25 19
83 62
40 79
6 56
2 89
6 41
100 45
27 54
75 20
92 75
42 20
72 87
49 47
7 35
77 9
37 65
24 75
92 30
51 81
86 15
27 8
51 94
8 32
79 97
65 62
72 17
37 41
94 85
7 26
35 29
74 5
76 77
27 79
60 36
74 3
19 87
94 82
90 63
20 20
18 96
2 9
54 21
54 19
7 1
15 66
22 58
95 23
98 33
31 54
15 17
43 72
20 49
32 80
25 27
69 57
64 25
84 49
96 51
39 20
24 56
11 61
31 92
24 26
80 55
99 61
4 88
35 38
35 66
85 101
48 94
41 56
45 58
12 34
48 80
88 64
64 62
36 61
16 90
88 42
32 1
3 99
55 82
36 37
13 84
4 96
43 70
51 98
8 96
51 79
95 86
59 61
88 85
12 48
99 80
53 51
49 61
18 3
5 39
73 72
53 80
79 59
66 56
55 7
67 70
82 77
22 12
91 65
83 16
24 99
11 31
94 36
50 81
55 97
88 52
23 5
64 57
42 35
34 55
75 49
76 73
83 22
45 14
3 92
49 12
77 92
96 37
92 36
2 100
58 101
55 55
91 61
87 96
2 71
87 56
69 24
77 87
59 11
36 24
78 35
30 84
2 80
22 81
59 16
16 12
91 89
39 88
1 86
66 89
31 71
88 68
41 85
20 71
40 34
65 32
49 9
7 31
17 86
36 64
92 51
69 61
55 92
23 100
26 48
77 52
74 41
67 2
31 43
74 53
3 9
49 71
91 2
17 100
96 45
14 64
43 55
37 38
48 68
51 7
37 101
100 28
8 53
18 81
2 11
10 98
59 80
44 28
23 14
11 84
76 20
66 97
4 6
56 40
69 44
63 29
61 26
52 54
71 101
83 13
52 87
47 65
71 100
38 94
69 91
13 42
94 73
16 80
29 27
53 46
65 21
94 75
95 84
30 3
61 84
48 7
75 63
21 45
69 73
88 97
61 8
32 89
18 70
14 67
39 99
9 70
36 62
36 77
44 18
37 62
69 56
100 6
43 67
29 5
79 25
28 92
59 100
35 99
50 73
86 48
63 80
47 93
45 34
4 28
93 75
93 42
48 56
15 55
97 82
24 16
60 76
29 57
74 48
38 56
59 35
42 64
6 3
79 37
18 43
92 69
89 71
38 75
13 56
28 31
4 71
80 35
75 78
76 27
6 23
45 25
53 26
45 93
56 42
68 32
44 4
26 76
85 22
30 45
21 91
68 48
28 4
20 17
91 91
80 3
67 40
45 20
12 94
86 74
66 78
52 11
49 59
88 50
61 98
56 52
28 71
74 14
36 17
4 76
43 57
33 50
31 27
86 21
92 24
54 30
82 100
11 28
56 70
66 50
27 38
81 2
44 101
49 101
14 46
7 94
71 49
44 11
93 78
54 32
72 8
28 14
11 4
47 68
18 84
28 5
88 1
72 79
19 47
54 53
26 78
12 56
63 98
57 56
87 20
57 51
4 99
22 69
74 97
52 67
49 85
52 3
42 42
76 40
29 52
53 39
79 52
97 1
39 48
77 66
1 100
92 68
20 26
24 19
79 18
14 79
31 3
51 29
75 56
24 67
43 45
54 78
52 69
53 83
15 90
40 64
47 1
36 68
58 12
22 84
64 11
63 92
6 7
96 14
68 93
17 38
37 50
79 69
55 101
98 60
89 37
78 81
54 61
3 48
69 46
5 54
49 4
21 27
101 49
64 23
60 65
64 69
62 41
58 22
54 34
38 19
27 28
52 19
27 44
40 90
83 71
23 1
55 20
70 10
75 72
55 64
76 81
93 71
41 79
62 29
15 79
52 7
51 48
26 67
56 29
53 53
43 17
70 66
54 45
23 45
44 13
9 54
25 9
2 56
26 62
69 92
26 15
82 85
12 85
23 48
29 2
91 34
61 15
72 64
77 73
62 38
78 56
45 76
94 71
18 34
88 6
93 11
34 73
99 58
71 79
1 91
85 5
14 36
52 39
62 90
3 54
49 49
37 25
32 14
45 61
96 2
59 34
19 55
96 26
5 89
71 24
52 44
41 11
12 27
33 49
38 86
95 38
91 52
9 43
48 82
81 31
31 39
67 5
8 72
9 19
77 4
82 24
82 69
74 69
35 60
86 92
42 7
23 67
1 4
75 35
62 24
82 7
80 61
77 100
38 3
5 51
25 12
93 62
48 36
28 56
84 59
24 88
14 42
1 80
70 44
73 65
32 64
55 40
63 11
44 19
70 94
40 28
82 61
11 58
14 28
58 14
85 75
79 44
84 4
28 54
29 65
88 45
79 14
1 1
15 100
43 75
45 8
64 33
65 100
15 48
72 3
73 15
43 80
14 9
15 94
38 23
72 41
58 86
73 85
17 63
7 64
5 19
67 61
94 25
69 88
24 94
38 2
52 63
89 11
18 33
61 93
41 45
28 74
25 13
30 74
91 5
73 7
21 12
99 42
34 38
4 27
35 96
49 74
73 81
23 92
86 32
74 38
32 83
63 59
31 13
30 98
72 53
74 58
52 37
88 57
1 7
4 55
66 45
61 97
87 41
24 93
78 48
11 13
29 22
98 98
21 72
10 88
11 25
57 87
101 38
25 62
60 23
68 91
37 31
16 60
25 36
58 67
77 46
88 60
29 71
42 101
29 46
45 18
60 4
94 72
14 59
15 46
69 94
1 24
64 35
77 14
28 66
76 64
45 17
24 34
63 16
96 24
20 62
28 69
21 69
35 61
32 68
10 75
6 67
48 84
23 52
100 92
79 100
49 13
16 42
101 82
48 89
51 77
89 38
59 55
61 61
82 99
72 14
58 79
76 71
56 80
30 26
46 8
49 99
9 56
31 46
9 73
75 46
65 18
60 50
52 22
54 29
21 39
89 13
44 22
45 101
38 28
61 69
23 43
87 65
33 74
5 7
4 69
15 42
62 60
67 99
83 72
39 65
68 56
80 48
15 8
64 18
71 80
69 69
91 11
38 41
99 71
88 89
13 1
65 81
41 80
21 67
7 71
52 90
83 27
11 18
80 51
46 41
30 63
33 93
58 90
28 60
60 89
5 94
50 88
16 20
65 56
89 72
96 27
30 69
91 72
31 35
9 13
42 57
21 81
15 63
10 12
3 69
12 84
92 22
53 5
30 16
83 28
91 81
7 76
98 67
58 18
29 84
91 20
44 87
9 18
27 50
14 73
90 17
71 44
88 23
12 46
65 6
81 38
62 10
68 15
82 64
95 24
16 19
22 49
96 4
52 60
71 62
65 39
58 53
54 77
14 52
44 57
49 58
50 14
67 45
77 48
44 7
88 9
73 67
1 32
51 63
34 40
28 37
90 29
1 49
100 81
48 87
100 40
40 5
76 54
60 9
55 93
65 49
95 50
6 87
67 84
50 85
61 71
64 54
50 24
33 85
20 50
24 37
13 99
87 17
6 93
60 38
21 98
81 51
20 3
32 63
6 61
78 11
67 51
68 70
73 78
67 57
41 88
63 35
52 71
45 12
23 38
16 73
62 64
56 14
44 2
63 84
26 92
64 26
37 37
27 92
4 53
41 52
40 41
80 20
48 33
29 41
65 30
82 76
69 99
27 20
59 68
33 17
30 54
34 59
95 97
67 33
12 32
42 79
13 36
48 37
87 97
39 30
45 43
35 14
92 58
51 25
72 96
97 9
99 14
14 77
26 83
24 58
3 80
100 101
69 13
2 30
20 77
8 89
28 78
69 32
26 46
84 64
48 2
5 91
96 48
11 30
15 62
47 25
18 16
54 76
49 38
10 23
14 98
100 42
35 84
48 12
63 1
95 91
2 15
54 87
54 52
98 18
97 39
64 90
43 52
25 52
66 23
54 62
24 74
6 96
41 5
47 84
37 11
10 20
64 42
58 50
66 41
10 92
64 15
76 62
73 83
80 96
83 81
72 90
57 39
17 68
66 75
13 29
67 76
75 37
61 21
41 29
39 38
86 64
85 15
34 62
39 45
49 10
37 98
18 15
71 26
83 88
96 8
33 26
8 85
92 53
17 21
65 94
91 25
86 78
25 43
54 86
53 100
32 55
4 5
40 11
1 29
44 92
34 15
93 49
46 40
1 17
55 66
41 53
66 47
32 4
59 84
57 3
14 40
54 90
86 43
17 75
59 77
7 38
4 31
7 41
80 63
92 47
45 45
66 24
36 85
21 5
79 23
32 43
10 5
25 15
51 5
81 21
91 66
73 34
68 49
51 35
6 21
4 85
44 91
40 51
37 73
23 47
70 89
73 20
96 7
77 45
29 69
22 10
47 86
39 2
9 37
24 44
89 30
93 25
89 50
47 85
101 100
77 88
66 4
77 5
20 74
64 98
88 49
57 27
9 64
69 64
50 16
94 96
79 34
65 45
4 74
1 90
81 73
23 75
70 91
8 52
37 9
39 19
16 46
25 11
38 27
94 43
10 68
3 42
61 99
15 87
3 22
37 12
17 37
59 58
94 93
77 61
38 34
51 66
53 40
96 30
89 2
2 65
75 22
97 57
3 52
68 87
42 44
100 48
65 87
6 83
87 25
85 59
69 54
99 34
85 90
34 1
77 22
9 32
15 45
17 57
101 46
26 37
37 7
21 47
33 24
80 28
23 13
101 89
55 81
14 4
78 14
101 19
10 28
94 99
80 73
8 39
96 41
13 77
101 31
22 44
58 7
13 28
11 79
45 40
16 51
101 64
71 9
19 26
99 70
79 55
93 70
3 93
29 50
55 24
13 2
87 19
51 50
14 83
27 53
97 93
74 16
69 51
46 64
94 55
13 16
60 88
95 10
92 82
33 87
52 51
23 8
81 8
24 86
63 61
100 87
86 87
11 92
12 62
45 59
79 48
53 3
86 101
58 17
30 41
73 92
2 8
13 13
89 94
33 11
17 80
17 36
7 12
60 90
80 45
87 67
50 31
88 59
48 39
53 10
60 25
8 73
44 99
3 23
27 11
63 51
36 101
93 14
46 97
51 60
66 48
97 46
73 35
50 27
3 68
80 87
99 43
23 41
94 37
87 89
47 11
37 32
101 24
72 89
13 23
1 27
71 27
71 35
9 9
19 85
51 36
52 46
92 29
42 59
89 64
32 48
29 45
83 6
9 35
27 76
31 86
31 65
49 2
13 21
6 65
5 87
73 46
72 48
48 52
32 16
19 35
98 65
80 32
26 19
42 84
19 54
66 81
21 60
81 9
94 7
45 3
84 60
31 33
76 48
17 99
94 65
51 8
21 54
95 56
61 87
66 42
67 11
43 85
19 61
86 47
65 46
60 100
32 31
10 8
94 28
62 92
94 53
90 27
61 58
78 70
30 8
101 63
21 29
92 41
101 35
72 30
34 21
87 38
41 68
17 48
34 58
35 76
97 22
42 66
18 42
59 1
22 17
84 16
5 46
43 101
13 47
73 30
54 27
93 6
72 65
18 65
82 96
98 19
101 15
45 23
26 39
98 9
71 25
70 34
64 92
36 99
84 7
95 61
76 10
92 61
80 15
96 99
15 58
70 65
32 72
14 88
90 3
101 50
73 17
40 37
57 30
75 59
17 2
17 26
7 28
80 11
64 28
83 5
18 57
99 17
1 51
98 4
95 16
42 88
50 13
16 55
52 23
11 82
33 13
67 23
52 24
31 47
77 44
78 24
71 63
3 67
95 13
23 32
17 35
61 53
30 44
98 62
28 8
10 80
17 6
33 66
46 73
54 89
77 15
17 12
26 33
95 3
96 22
90 2
94 34
66 53
91 35
14 35
84 77
82 20
19 12
42 1
26 57
78 32
78 10
21 6
17 54
42 91
38 24
5 74
46 84
30 18
86 89
55 25
44 86
63 40
9 46
49 37
77 67
50 83
95 80
64 53
59 87
48 45
25 65
27 60
24 39
9 96
82 43
35 18
46 42
45 4
53 58
7 34
19 9
56 13
43 63
10 35
79 93
41 7
4 89
23 80
7 7
81 40
38 88
8 83
35 10
46 7
17 49
46 32
3 12
20 64
44 84
57 79
39 73
49 66
37 78
99 78
50 55
97 97
52 65
55 71
36 32
75 30
68 58
55 34
90 21
2 35
8 22
54 72
52 27
81 14
97 67
25 87
86 73
44 70
24 79
55 26
38 51
51 99
101 36
82 51
21 40
58 2
98 35
47 78
67 90
69 67
69 81
37 17
52 5
5 64
85 50
38 47
44 27
47 32
56 19
93 37
72 75
97 90
91 22
23 82
93 69
86 33
72 52
74 36
78 13
52 2
13 96
25 10
49 82
70 97
16 77
17 13
76 39
15 29
1 13
96 39
85 17
86 3
94 29
70 42
88 53
49 34
28 70
71 57
33 54
31 34
96 43
93 57
30 37
10 24
100 38
12 43
68 97
82 41
100 41
64 67
84 87
71 8
9 82
47 62
52 4
26 59
19 64
96 70
44 76
46 37
60 79
83 65
95 17
26 75
83 73
97 45
101 25
71 88
75 65
3 19
97 58
8 14
43 41
29 31
29 74
38 93
3 27
37 86
41 46
59 69
1 8
96 36
18 98
37 45
16 94
17 79
26 18
15 2
78 78
73 5
33 37
16 25
1 87
19 88
40 101
1 67
54 96
3 39
101 21
65 85
96 74
86 90
36 22
50 49
17 71
78 45
88 39
69 10
56 32
88 33
53 78
59 46
19 32
13 75
67 65
54 13
96 91
71 47
51 22
74 28
12 97
32 25
95 55
95 1
66 77
26 91
32 99
9 81
61 50
7 54
99 41
70 54
61 75
40 3
77 72
4 78
29 64
33 9
38 39
53 14
101 73
81 48
5 45
77 85
31 48
69 35
86 40
28 96
97 42
51 51
34 30
41 37
65 75
11 10
49 92
3 44
23 61
101 83
55 17
71 37
59 25
4 34
90 5
10 14
7 30
28 88
9 51
40 30
85 34
80 91
84 68
30 59
41 92
15 71
58 31
79 96
1 37
63 54
8 37
41 35
51 21
92 83
58 15
24 91
24 76
93 81
4 84
77 19
99 75
79 12
17 94
55 73
34 77
68 25
57 25
34 2
72 76
98 92
13 51
42 47
46 30
77 77
13 14
17 9
38 100
33 39
75 9
46 56
40 54
30 94
96 68
20 53
61 78
9 33
30 33
75 53
84 54
42 14
59 70
77 93
48 31
6 78
37 55
58 81
51 84
33 12
67 52
42 68
12 65
93 39
55 35
100 98
78 42
92 19
18 51
90 96
50 6
24 8
44 10
83 25
88 99
89 42
96 38
66 61
92 18
9 62
61 20
12 58
68 30
90 26
35 62
95 100
22 88
21 35
93 20
49 18
69 5
18 4
33 6
9 90
32 44
22 73
99 38
4 20
56 37
1 14
43 93
56 8
60 21
25 89
22 74
50 91
50 79
36 4
56 56
8 63
100 72
38 97
86 54
21 78
14 25
89 56
48 24
93 7
79 94
65 13
51 62
45 90
5 10
59 63
46 2
3 61
74 54
88 78
21 22
99 56
66 86
43 29
12 86
86 86
85 8
17 47
27 64
23 35
45 64
25 46
31 64
26 42
4 22
2 7
82 98
52 52
36 11
2 37
10 52
15 33
30 73
65 73
62 17
99 51
69 39
72 94
50 50
42 53
6 53
75 70
98 1
92 56
18 101
55 31
15 1
18 92
67 54
66 15
71 33
43 61
3 56
44 46
24 71
96 71
52 33
80 36
23 39
16 81
15 30
68 67
31 73
42 46
3 29
46 63
90 8
96 83
16 89
84 56
27 46
11 88
13 39
91 99
84 1
12 61
2 26
51 28
88 73
46 89
98 12
16 29
48 38
48 83
64 32
98 39
63 24
100 3
53 68
62 48
74 4
70 92
68 23
47 44
37 2
89 29
76 13
85 28
98 85
22 51
61 34
16 76
94 50
61 3
27 37
3 28
79 74
24 66
68 94
3 86
58 44
31 12
86 57
90 56
15 61
41 72
62 28
95 37
5 17
20 22
75 98
20 100
36 80
68 5
17 50
31 89
6 57
94 21
53 63
60 96
82 79
9 40
80 43
93 13
50 68
20 10
56 85
19 46
3 90
31 69
55 4
5 18
29 99
65 8
36 58
17 62
4 57
18 32
97 49
57 16
81 82
35 45
41 24
10 50
44 81
73 62
4 1
30 85
7 75
33 68
15 75
45 54
101 4
86 42
4 77
29 79
91 31
46 10
98 25
34 23
9 79
94 13
68 9
92 100
19 28
101 91
23 91
66 22
84 47
22 87
90 80
64 38
73 28
79 66
5 29
49 91
73 71
99 27
46 48
42 77
33 41
63 25
21 34
82 18
70 22
25 47
52 29
14 47
13 20
15 77
10 76
65 86
36 19
82 11
98 23
4 11
82 94
44 9
29 70
95 58
47 34
85 2
3 71
65 51
12 100
88 40
83 42
29 8
60 78
68 41
35 9
35 22
87 48
37 22
74 37
54 15
79 57
19 50
33 101
97 70
94 87
34 5
11 3
36 69
35 7
2 12
23 15
20 45
8 62
91 47
77 79
13 34
43 44
38 22
98 8
22 54
1 21
84 100
6 30
1 2
53 29
5 57
73 61
88 12
34 25
100 80
15 97
57 72
89 77
28 36
81 55
63 63
55 13
101 90
81 83
60 59
53 45
92 91
69 31
3 49
93 96
38 18
68 71
81 81
99 50
66 87
101 96
77 96
60 97
10 41
54 47
2 93
1 42
6 35
3 97
3 21
6 74
87 40
48 99
85 86
7 3
93 56
63 43
42 78
53 64
7 62
43 47
36 28
97 87
6 62
91 6
2 79
50 52
1 62
93 64
83 35
29 49
95 7
94 100
70 58
39 36
61 24
71 78
22 93
77 41
26 56
27 59
2 52
80 75
16 31
70 100
100 94
48 25
18 28
26 101
78 65
53 30
59 38
19 56
6 19
31 22
28 76
33 33
52 82
62 78
82 101
2 28
70 20
18 56
16 91
56 87
62 89
57 44
18 8
25 37
3 79
33 14
69 78
95 74
2 42
48 91
77 11
64 71
68 1
13 81
12 9
98 99
65 33
4 2
97 33
15 11
59 13
84 9
51 75
89 14
73 91
55 99
43 99
93 94
86 17
29 24
80 14
56 3
89 100
62 8
93 32
97 83
50 101
45 29
95 94
23 70
94 3
39 14
81 70
89 53
72 10
69 71
69 48
13 53
43 12
80 88
96 98
61 74
45 63
17 1
76 11
90 48
72 69
37 80
53 13
8 33
9 98
37 82
38 14
45 56
6 12
33 98
68 17
12 59
79 27
79 63
18 88
26 54
56 64
75 25
11 100
88 54
70 48
75 79
20 81
71 7
69 77
3 59
7 79
9 15
48 26
78 51
76 89
62 25
80 6
29 56
76 91
83 66
16 30
74 42
7 6
11 69
57 2
31 72
68 44
88 25
57 33
90 34
78 98
1 70
8 55
54 68
42 94
43 90
99 79
100 25
68 40
4 72
24 31
31 78
47 51
67 56
49 5
87 54
65 99
41 33
100 83
21 79
35 31
10 13
80 90
54 43
91 29
59 57
25 34
53 42
12 51
97 15
67 55
97 14
36 76
64 81
26 31
13 50
18 77
22 32
61 2
85 14
60 61
15 67
12 7
35 91
26 53
30 79
43 3
2 84
63 13
14 93
19 99
85 79
47 17
101 26
29 53
91 59
31 17
21 63
33 36
19 77
67 35
64 37
61 101
53 21
77 25
100 9
64 49
38 90
82 68
73 87
17 70
48 11
42 38
42 11
93 9
38 1
41 13
38 63
45 78
68 61
100 64
28 93
7 68
55 63
80 66
55 100
36 96
59 101
41 50
45 52
10 36
37 35
5 3
25 45
99 37
78 27
58 20
43 84
35 52
70 21
88 36
4 41
77 55
21 89
43 40
79 90
83 9
78 62
44 78
65 41
38 31
6 17
101 45
32 27
27 51
70 29
92 99
93 72
29 93
61 79
39 40
9 85
18 20
84 89
44 62
69 60
25 80
25 40
44 15
3 72
81 61
65 24
23 25
38 40
53 54
87 4
94 86
33 92
22 78
67 38
54 88
88 62
44 80
98 3
5 61
60 62
87 55
5 28
45 35
67 82
68 83
92 77
21 46
54 35
83 78
54 14
6 55
79 65
32 101
7 48
88 17
90 38
82 30
38 80
59 2
79 62
5 75
30 28
94 91
13 44
74 56
5 78
97 8
43 78
99 67
40 1
84 98
77 63
42 80
101 22
66 93
67 6
95 77
86 16
49 46
76 44
97 29
58 84
42 90
26 87
100 31
21 26
83 7
10 44
4 17
60 86
46 38
48 93
64 96
27 31
29 33
34 45
53 70
79 53
22 31
14 17
60 81
5 59
64 70
11 96
92 88
64 61
70 35
90 72
21 15
18 86
14 76
66 20
90 32
66 13
32 10
59 65
49 98
27 25
71 91
81 96
39 8
55 41
18 99
24 43
19 38
36 49
62 47
53 17
56 31
58 37
4 93
61 38
52 96
55 9
89 9
73 33
33 70
83 34
3 43
29 54
13 83
73 8
14 81
78 30
74 40
78 44
92 76
81 64
49 21
73 48
1 75
30 83
80 62
53 22
92 73
97 32
8 88
93 87
72 84
42 63
83 46
33 100
30 11
86 84
63 97
41 65
82 8
16 5
74 10
15 89
11 21
95 69
27 39
51 59
98 28
76 56
82 72
92 93
52 89
76 2
36 39
11 37
34 19
44 98
6 76
78 16
56 55
63 77
39 50
55 19
62 93
76 96
10 71
72 9
53 94
78 37
101 41
28 19
9 58
59 3
22 92
49 39
16 65
39 91
100 44
47 6
77 82
38 58
63 70
37 23
77 12
5 73
98 47
49 45
40 86
50 4
45 44
94 77
53 18
101 68
92 60
32 26
22 43
62 35
5 96
78 47
87 14
68 3
35 34
87 10
1 74
73 16
98 70
87 58
23 59
70 72
70 37
75 69
43 79
15 101
101 16
25 75
58 77
34 101
19 69
64 63
94 32
27 66
62 56
62 69
38 37
11 2
54 70
10 39
55 75
5 6
34 37
95 79
44 52
7 73
59 64
65 12
26 43
69 22
34 70
30 10
88 34
31 49
45 85
2 49
28 26
80 34
20 87
70 78
2 16
6 32
63 27
4 38
17 7
50 86
63 79
101 10
68 76
67 9
40 19
31 87
7 83
46 81
83 79
72 47
29 85
47 35
20 84
17 15
13 48
62 21
79 86
10 19
51 65
28 51
79 87
72 97
62 51
46 35
8 27
59 51
42 97
88 28
95 19
85 38
40 40
19 7
52 20
48 78
38 91
15 98
78 59
91 43
17 10
9 36
78 55
46 68
32 59
66 57
8 5
82 49
100 63
20 79
80 53
11 52
47 59
24 70
38 72
69 43
27 88
36 71
70 80
20 75
62 33
34 54
66 101
56 91
4 37
52 62
52 18
59 39
100 43
88 80
36 60
34 46
19 37
7 4
4 73
13 26
18 19
51 71
8 58
85 3
73 23
54 66
86 31
11 26
66 8
90 49
4 59
55 1
89 79
70 23
29 12
14 20
20 47
86 55
21 8
7 24
31 45
29 47
74 55
82 38
1 52
86 76
3 65
68 51
75 44
35 74
50 39
62 31
45 71
37 39
91 51
61 92
64 21
87 74
68 65
73 86
58 58
17 8
68 35
14 50
41 98
33 86
71 75
99 86
75 3
79 46
52 98
85 32
75 51
56 86
27 71
63 85
22 97
60 93
60 82
62 91
89 26
63 7
80 97
42 100
57 73
56 74
56 93
70 99
74 29
24 100
86 52
26 97
74 31
41 83
75 64
64 7
4 8
63 26
100 26
74 83
67 29
24 62
59 40
25 93
67 96
2 86
29 3
74 17
91 58
79 17
80 44
65 79
81 87
22 3
53 28
72 38
58 16
32 36
32 74
9 71
28 94
28 38
42 10
45 81
82 5
71 87
42 31
2 62
51 45
70 53
96 52
95 25
49 96
48 90
34 83
36 90
4 68
13 79
88 32
46 82
76 17
10 91
38 79
81 78
22 99
91 80
98 69
74 100
60 2
19 2
34 53
22 14
52 70
81 45
6 100
78 99
61 25
50 33
21 88
44 90
69 84
82 2
81 53
92 17
94 70
4 60
63 38
10 84
93 68
78 40
53 43
32 73
34 41
16 82
40 48
89 46
81 72
94 63
21 4
68 81
34 56
33 35
18 83
94 30
52 81
52 1
70 6
67 24
42 6
3 82
81 101
79 70
86 10
84 30
70 64
32 88
99 7
53 41
97 21
13 69
34 12
6 88
34 69
36 42
99 87
53 48
37 83
27 63
40 55
44 32
80 92
11 42
71 12
74 74
8 86
98 14
60 70
89 84
43 1
10 59
26 3
83 38
80 54
69 98
42 16
45 10
33 18
87 50
52 72
14 10
76 31
8 44
82 60
10 54
93 18
65 28
11 7
21 13
95 53
27 98
31 57
80 100
24 50
98 93
52 59
21 16
59 19
32 93
7 77
60 84
4 65
39 49
40 50
99 55
25 81
20 69
100 69
62 94
8 46
14 89
49 20
17 76
47 81
74 15
38 64
91 86
56 43
83 74
88 46
47 31
25 70
58 62
95 62
20 34
96 92
76 42
23 10
63 86
72 93
13 18
65 52
80 60
36 25
49 100
69 14
86 93
83 54
38 96
72 37
72 31
57 76
61 11
55 84
79 35
13 58
50 57
98 55
74 92
13 63
49 54
7 27
23 44
24 98
8 50
17 69
67 19
93 74
45 48
54 23
20 44
39 80
22 66
87 66
93 48
70 79
21 41
17 28
12 74
30 9
8 51
1 71
7 50
8 13
4 13
59 4
14 13
4 25
20 21
69 74
97 26
5 32
66 91
35 42
100 18
51 13
13 67
18 46
62 81
81 52
50 59
71 11
52 36
66 62
96 79
79 3
11 98
5 82
48 47
90 91
60 20
100 15
14 5
64 85
18 22
67 14
86 45
58 32
97 99
23 33
16 13
3 38
68 47
53 59
48 40
55 62
36 75
9 76
85 58
52 9
34 4
22 4
15 65
31 16
85 31
45 6
91 12
78 39
75 96
71 93
53 25
7 10
40 70
53 97
87 91
29 10
77 29
67 100
52 56
11 89
51 67
4 9
29 23
20 9
98 36
26 68
96 56
59 28
75 43
13 72
9 8
82 81
98 24
6 22
80 85
87 51
79 33
64 91
47 72
1 33
93 79
68 66
83 80
71 60
54 83
3 45
73 9
27 87
10 79
5 49
27 55
5 37
97 11
99 28
10 67
45 42
97 59
24 78
95 4
64 20
52 84
28 1
62 58
96 86
66 76
64 73
32 11
41 10
51 74
9 88
89 66
58 21
81 100
24 33
16 34
84 86
77 64
98 90
1 16
67 75
2 99
66 39
30 4
22 22
99 40
27 89
84 44
63 12
67 48
23 97
27 61
26 11
49 26
42 52
59 99
53 87
99 91
31 52
93 91
30 91
29 59
55 58
13 37
32 22
47 79
41 58
65 84
18 74
32 66
11 93
39 25
52 55
76 35
39 83
12 38
40 82
19 67
39 21
89 59
56 94
66 46
18 36
89 17
51 37
75 32
81 29
86 91
58 30
40 74
88 91
88 81
87 92
5 47
63 10
89 18
80 58
74 75
65 82
37 61
32 65
77 78
31 76
18 45
40 32
1 58
80 12
32 35
3 33
91 38
61 80
8 40
30 55
73 50
74 59
61 5
90 11
17 73
56 96
99 22
57 74
2 18
101 39
6 14
33 58
27 27
23 29
93 46
14 12
97 78
74 62
60 12
81 35
77 62
29 100
90 69
60 80
70 26
39 1
83 15
49 24
22 34
90 82
71 23
75 50
74 71
71 5
72 81
11 74
73 84
78 22
36 12
45 60
45 74
69 86
68 22
1 81
37 69
25 3
39 69
80 37
22 15
71 82
86 19
72 57
53 9
80 47
92 57
99 89
73 57
100 66
87 90
42 61
37 5
65 1
6 63
65 70
62 23
26 72
34 74
33 69
2 60
29 28
68 8
98 100
82 22
52 38
77 17
11 27
8 99
82 25
3 62
83 59
98 61
89 93
95 54
54 80
97 75
18 69
81 41
29 25
34 81
51 23
46 15
76 93
43 87
85 72
56 12
25 59
80 26
1 35
1 31
66 69
45 51
62 61
36 48
36 10
35 43
85 64
15 47
95 14
56 53
2 14
61 37
32 82
18 30
67 72
27 94
36 20
17 97
54 63
92 25
48 34
13 12
77 58
8 77
39 89
20 66
61 72
46 6
56 88
101 97
98 81
25 96
4 97
86 99
58 51
81 74
65 90
16 22
52 26
5 41
12 60
86 13
9 31
28 47
34 78
101 9
57 21
14 41
43 31
54 38
76 72
76 80
43 64
9 87
40 75
34 51
38 68
100 57
7 2
92 90
98 11
41 73
26 70
60 42
22 67
28 41
20 38
46 55
38 78
57 92
50 46
33 59
46 80
5 81
74 24
99 13
28 61
82 10
32 91
8 65
83 84
61 67
80 10
79 1
2 40
54 1
39 13
58 66
1 89
3 10
65 64
35 67
70 101
4 82
71 85
101 27
83 60
33 61
94 64
74 33
93 3
20 28
90 7
88 19
87 18
45 38
29 77
46 66
46 93
21 93
55 22
89 10
100 23
92 86
5 76
97 6
80 22
89 25
77 90
2 54
59 72
96 18
12 14
58 94
57 69
99 19
21 20
14 78
44 79
8 3
17 18
37 29
1 92
45 2
44 54
86 9
63 50
41 51
44 44
92 16
14 57
63 48
93 77
47 74
47 60
57 17
60 32
47 73
100 67
74 21
49 89
14 87
53 101
28 55
92 71
2 82
11 60
37 75
78 52
72 99
95 83
75 86
14 24
38 73
70 16
41 74
55 23
89 87
35 80
56 22
15 24
12 29
39 7
23 46
32 18
99 57
37 63
55 2
40 16
63 60
26 14
83 17
63 75
53 96
3 6
86 6
86 85
93 83
39 15
43 16
74 77
33 30
5 99
28 79
96 101
36 63
15 93
89 58
49 70
8 56
71 58
53 6
95 9
70 13
75 73
9 94
16 33
46 44
29 82
6 15
30 12
54 4
77 57
30 34
44 40
46 70
23 55
74 6
12 79
6 8
101 5
3 58
13 101
34 20
90 52
47 9
9 42
98 86
85 19
14 61
25 64
56 17
79 101
34 99
90 101
32 15
84 28
47 64
54 41
3 46
65 57
59 52
20 58
74 101
100 50
41 31
97 84
14 38
46 22
50 42
22 94
50 80
7 44
48 85
21 31
57 59
47 48
93 24
41 32
71 3
84 41
74 68
65 71
70 57
29 66
48 100
8 24
5 85
44 41
94 11
56 60
48 21
19 8
18 91
73 41
101 57
67 15
31 29
66 33
50 3
22 57
35 86
32 17
61 62
26 1
98 87
61 40
39 39
70 88
14 34
34 91
29 13
20 41
80 7
64 101
44 39
94 45
91 9
48 5
6 39
82 54
12 73
76 37
94 61
73 99
101 59
66 84
25 86
43 86
44 58
75 10
62 83
11 8
42 26
6 18
49 41
89 60
43 30
5 13
27 65
19 33
92 80
67 8
32 84
88 48
94 79
64 83
63 4
43 66
84 23
16 43
52 77
84 39
27 91
14 8
8 61
19 14
78 90
46 47
51 100
29 97
95 12
15 25
40 69
44 73
58 4
44 23
12 33
33 29
59 71
93 27
75 38
75 93
74 60
3 1
47 75
63 33
33 1
60 69
33 7
24 69
70 93
50 44
82 55
42 69
88 47
47 55
72 60
12 21
68 34
85 44
15 39
45 96
99 31
92 84
95 67
75 21
75 82
7 53
55 5
32 86
14 1
82 45
64 99
89 85
79 22
12 75
90 68
76 76
50 53
16 70
100 21
1 99
95 81
1 44
96 60
10 38
18 50
27 90
62 73
17 91
8 21
17 51
54 46
45 7
16 93
86 50
48 55
43 7
84 17
46 33
3 7
40 31
54 40
63 9
97 86
3 81
34 64
29 86
40 4
53 4
90 39
59 23
88 84
28 81
82 35
47 49
14 30
43 19
73 79
99 59
62 36
25 77
86 88
22 65
48 16
23 19
55 3
97 31
23 4
16 84
30 92
100 60
74 84
43 42
18 2
1 41
65 98
57 40
61 70
86 69
73 54
17 74
49 56
1 72
40 24
91 45
64 36
98 91
76 46
50 84
39 46
100 73
58 89
22 41
74 30
12 70
85 1
58 69
46 88
31 21
30 75
77 54
78 91
96 96
18 75
41 22
79 83
53 69
23 54
44 14
35 94
32 71
64 45
80 82
91 21
31 68
5 66
71 64
25 57
22 2
70 62
88 67
82 15
19 15
12 6
30 49
34 22
39 12
11 20
51 18
99 8
87 79
101 55
80 46
41 66
59 45
77 38
80 81
16 15
74 35
3 89
75 68
77 3
8 34
5 56
69 8
73 56
91 41
51 70
44 26
65 20
100 19
35 1
39 72
87 5
93 82
66 12
31 88
98 59
20 76
101 74
82 37
21 51
61 83
98 20
11 45
33 47
60 44
5 84
92 89
29 98
38 45
6 24
26 36
29 88
47 82
18 5
38 66
15 41
31 8
1 9
40 59
50 5
84 36
74 87
44 75
58 19
13 25
70 15
54 18
25 26
99 3
19 75
6 80
96 61
15 31
99 76
88 69
42 75
28 63
1 79
46 76
10 96
81 85
78 94
24 54
39 10
33 57
59 74
28 72
68 64
20 29
67 4
100 93
41 61
7 78
45 89
36 100
57 8
28 44
6 6
101 13
20 24
13 70
71 53
72 44
89 98
77 35
12 67
101 23
5 83
66 44
77 83
97 76
43 24
27 83
101 54
84 50
68 50
41 91
86 27
42 25
11 57
47 97
18 17
22 13
82 88
87 81
85 88
11 38
62 44
63 72
15 70
30 40
4 14
21 53
69 79
33 60
86 11
80 25
66 63
30 46
93 33
6 69
51 40
49 93
20 1
4 98
92 87
54 48
49 51
98 101
15 84
75 24
17 34
57 4
10 47
71 39
39 70
50 75
55 98
78 43
29 76
84 48
61 42
89 81
67 3
74 86
22 90
30 56
4 7
25 21
19 31
43 27
16 64
27 58
1 69
82 26
75 13
51 53
94 90
82 90
21 75
71 81
86 79
98 2
27 57
56 48
41 70
93 1
24 7
22 30
35 50
71 22
33 22
3 85
92 8
5 35
33 62
97 23
21 44
2 36
8 69
68 27
27 32
25 29
24 81
88 20
9 53
20 23
33 45
76 45
44 71
51 34
90 99
1 61
2 27
10 27
87 23
62 7
23 87
100 84
44 65
15 59
30 80
13 4
85 21
99 29
18 66
23 22
54 97
73 40
69 4
64 66
79 99
100 78
81 10
39 100
47 71
62 65
85 62
75 45
78 74
55 44
9 34
17 65
72 67
61 90
22 82
29 80
62 1
31 4
89 101
27 72
39 93
2 83
79 78
2 73
73 3
29 4
60 31
63 87
6 68
51 24
51 54
20 57
18 67
77 81
17 64
46 5
43 62
40 81
57 65
19 40
69 11
65 37
57 31
2 96
42 81
10 43
24 87
71 90
91 54
56 79
75 54
83 37
82 6
10 64
25 16
72 56
54 56
80 77
45 92
38 84
24 5
83 100
64 34
94 94
91 36
68 11
49 60
51 91
37 66
13 97
73 37
3 41
39 23
57 67
67 94
40 84
58 23
84 40
98 15
68 19
24 72
84 91
45 88
10 82
98 80
14 92
22 5
89 86
16 54
84 99
69 55
10 7
73 69
7 90
16 2
6 13
66 96
56 83
52 88
36 36
92 67
9 24
2 21
5 12
22 98
30 20
38 13
7 19
76 26
17 55
60 54
67 28
67 101
86 39
90 88
31 6
5 20
11 63
60 52
46 61
83 10
18 35
92 96
100 77
61 55
95 101
47 16
87 34
17 4
27 14
22 70
30 31
56 6
80 18
77 84
77 91
43 9
61 18
84 27
54 81
90 9
72 32
74 43
16 3
80 68
82 53
58 88
100 1
35 44
58 70
101 42
7 59
39 94
63 53
10 32
50 47
16 44
9 69
31 85
33 78
7 100
100 34
75 97
92 64
49 25
4 29
89 28
12 4
94 40
81 71
13 15
89 52
47 61
100 75
14 84
57 97
73 59
42 74
79 38
91 46
34 10
72 43
12 22
96 5
30 5
63 36
34 14
82 47
91 49
59 53
39 35
35 5
89 40
56 9
24 6
68 46
28 90
60 77
68 85
39 22
46 36
13 55
95 66
88 82
6 4
66 68
50 38
100 85
21 64
65 15
34 80
82 27
101 18
42 55
70 50
90 55
28 32
71 17
87 87
58 34
35 40
64 94
32 62
36 79
50 63
8 97
26 2
21 2
48 69
67 88
100 62
68 74
79 24
51 68
13 19
23 96
69 18
81 68
56 90
99 10
1 65
93 38
34 49
42 56
101 37
79 64
73 77
45 36
10 63
66 73
46 51
99 6
5 42
23 26
95 89
54 12
79 30
95 32
24 52
32 98
9 2
16 28
67 37
35 41
45 31
45 5
55 12
3 18
32 12
63 55
53 32
1 38
90 70
16 38
47 22
97 16
96 62
86 30
26 12
46 18
19 5
82 74
51 17
44 35
81 37
22 20
64 84
101 62
2 59
51 2
99 47
87 27
25 71
63 56
19 10
97 41
91 3
24 42
101 99
79 9
35 58
50 87
1 55
75 57
57 94
76 15
11 32
96 81
19 51
77 69
2 47
29 48
76 59
77 36
28 84
91 39
74 32
67 13
7 99
73 18
87 2
80 17
77 94
46 78
60 64
2 92
80 39
91 76
100 90
39 84
7 29
23 83
81 13
54 74
87 12
60 60
47 36
71 41
5 25
96 32
47 92
19 44
8 1
89 67
43 69
39 98
72 20
29 91
85 48
77 37
68 14
66 79
15 6
90 60
28 48
24 77
35 81
41 57
93 84
22 55
45 80
96 72
4 66
7 15
83 83
40 21
9 49
83 26
52 100
31 19
101 94
30 90
86 66
47 19
69 45
3 74
7 20
45 1
35 33
59 18
2 51
14 55
76 6
67 36
67 80
62 9
8 17
67 27
72 13
79 42
7 8
6 72
81 97
40 2
83 94
24 45
93 41
52 75
42 92
39 59
62 70
27 42
75 8
47 28
95 71
41 27
52 50
91 79
101 53
71 77
21 92
32 70
16 41
19 59
7 96
28 77
24 53
27 45
91 33
71 45
70 32
47 57
81 92
43 60
23 28
96 23
95 49
7 25
52 99
14 23
74 70
25 8
31 36
78 4
32 38
47 89
13 54
10 22
32 29
44 97
74 19
8 35
39 71
86 1
73 24
39 29
95 88
57 64
17 27
5 60
101 84
23 68
84 80
6 27
70 46
58 52
95 57
34 44
39 85
40 6
57 12
40 66
28 9
51 15
87 85
65 48
20 86
75 84
98 31
90 28
69 70
90 79
56 33
53 92
77 7
68 20
53 88
19 1
26 79
52 53
32 21
90 25
36 41
29 17
5 68
86 53
46 19
99 2
40 42
41 12
76 78
101 3
63 73
10 81
26 89
23 89
101 14
73 27
30 7
85 76
93 35
32 33
66 58
48 92
41 96
68 38
101 30
47 5
91 90
14 27
74 76
64 30
74 52
43 53
94 59
87 84
28 86
25 72
78 84
76 90
16 96
73 70
87 45
21 62
30 43
51 87
50 76
25 83
49 52
54 50
12 18
55 76
89 19
94 33
12 57
81 99
58 41
64 82
37 93
5 79
35 26
30 2
26 55
74 72
26 35
12 93
56 44
12 35
84 35
59 12
58 74
40 78
3 31
69 15
55 33
20 80
56 66
84 29
22 18
11 78
46 24
95 72
56 100
12 25
42 15
77 56
22 61
28 46
5 53
76 52
56 18
4 50
55 8
39 16
28 53
51 27
18 61
43 34
81 88
78 72
36 8
64 14
28 87
2 69
16 61
90 44
28 67
90 97
28 17
60 73
99 93
63 23
53 99
29 20
43 48
32 45
53 31
44 61
47 63
27 1
9 27
50 58
85 66
51 10
57 5
53 72
55 37
77 8
47 7
22 9
65 47
7 86
7 87
15 72
68 4
16 23
20 43
19 89
48 44
22 36
50 97
91 28
89 48
25 33
16 17
72 85
97 81
50 23
31 38
47 3
1 28
47 94
42 58
26 45
33 51
14 15
19 70
40 99
72 26
62 86
2 77
89 65
39 31
67 87
81 25
87 7
92 78
56 82
27 49
37 34
51 96
85 37
74 96
29 89
85 47
99 48
10 97
58 35
83 69
55 65
19 81
90 75
27 99
72 25
35 87
37 100
15 78
25 63
62 26
7 67
70 52
43 77
34 18
23 99
75 7
63 66
46 85
73 42
80 70
14 39
74 94
53 11
20 59
41 41
66 2
100 2
3 63
2 25
77 13
13 82
52 45
36 92
100 96
76 101
6 9
20 73
54 65
53 33
62 72
12 24
50 82
64 27
6 36
21 10
90 43
51 86
60 26
40 87
18 55
8 18
95 48
36 83
95 41
52 93
11 97
25 50
34 31
15 54
53 71
51 97
89 21
46 14
71 56
99 15
13 24
4 63
93 12
16 58
62 57
64 80
74 67
77 60
95 30
47 13
31 84
13 94
38 46
71 51
84 73
2 81
74 11
95 70
42 51
13 52
88 83
72 86
6 52
21 11
5 70
69 53
56 97
88 44
62 80
58 36
65 16
72 63
76 51
48 97
34 61
63 88
83 39
39 64
43 21
5 38
67 66
55 49
47 98
43 10
77 47
53 7
92 11
47 12
33 48
61 89
29 67
73 101
4 83
25 2
98 64
65 9
90 51
28 22
57 7
6 51
68 29
8 81
36 15
86 35
34 88
65 66
23 51
50 48
35 48
85 73
73 44
97 40
82 33
98 83
45 97
8 26
35 35
36 51
83 18
64 16
91 75
78 12
84 18
97 55
68 80
72 1
44 12
88 77
84 31
34 72
60 92
49 36
7 97
41 44
34 82
2 97
85 43
98 68
35 51
37 16
67 30
64 87
40 18
58 78
78 61
67 41
25 101
7 43
53 23
28 40
77 1
90 74
66 49
5 98
36 5
52 49
88 26
46 54
60 83
99 24
43 74
24 55
48 79
83 1
101 43
97 89
21 80
4 67
66 83
18 27
10 31
21 85
13 89
19 16
33 94
60 1
61 13
62 6
5 93
9 41
71 46
66 60
30 25
97 88
30 42
5 43
32 51
49 65
69 41
57 34
34 9
6 48
58 3
68 53
29 21
69 27
100 54
52 17
55 6
19 83
45 69
73 49
84 3
45 70
28 24
85 23
58 28
25 79
25 17
77 86
31 83
38 61
87 94
81 58
90 14
79 10
58 10
51 14
100 16
26 51
91 94
73 98
67 68
90 19
43 11
51 12
74 88
63 22
91 96
97 101
97 66
9 77
1 43
16 1
78 54
97 20
38 70
79 41
19 76
64 9
95 65
101 60
83 49
96 10
57 77
85 27
91 4
98 5
36 6
20 11
59 9
35 17
58 63
98 76
5 9
2 13
4 94
8 41
8 79
55 36
66 10
8 7
31 61
46 21
86 63
2 46
12 99
12 47
54 16
72 55
80 99
4 43
12 15
81 80
21 38
79 36
87 71
16 35
65 7
2 58
101 66
41 43
86 49
11 75
16 18
37 90
25 69
55 69
97 80
30 27
81 46
99 81
55 27
81 91
74 2
25 41
35 85
59 47
29 6
74 64
82 28
53 79
15 26
96 55
1 63
56 46
95 26
50 7
62 16
16 98
59 6
27 2
3 20
22 16
41 19
75 58
10 9
21 66
37 96
81 57
60 58
45 50
10 33
46 43
3 60
90 37
67 63
64 17
62 85
94 60
38 77
72 4
24 63
86 5
13 60
7 37
83 99
29 90
75 87
90 22
10 72
74 57
22 101
38 62
24 64
30 19
63 37
11 86
11 9
35 93
21 68
19 73
79 29
71 31
44 43
101 67
12 80
58 97
22 28
46 96
2 91
48 63
49 8
95 78
10 3
42 3
58 5
74 78
78 63
58 73
71 43
92 2
16 56
3 76
35 82
48 3
41 42
91 88
4 32
59 21
89 15
75 81
67 53
13 49
84 24
75 66
90 53
50 2
35 89
34 6
29 94
94 52
48 65
27 34
94 1
58 13
33 71
35 23
43 88
100 52
68 90
37 70
48 101
91 23
14 69
34 87
1 11
49 33
74 85
98 50
86 65
85 57
77 80
4 61
49 57
11 14
88 88
10 99
61 10
6 40
83 67
12 92
9 74
55 28
98 71
18 62
62 34
31 30
56 35
88 37
29 9
69 93
39 32
37 4
44 94
37 24
57 49
23 60
78 20
32 13
53 84
84 69
35 88
57 43
5 27
50 32
96 17
33 20
70 4
96 80
28 82
78 8
14 80
17 82
28 23
51 90
20 54
73 19
20 33
59 30
44 93
22 79
6 91
80 23
36 72
69 12
43 28
33 27
97 2
78 79
27 26
65 2
15 85
53 60
73 2
48 81
77 98
81 89
95 35
86 23
1 83
12 55
84 19
43 22
65 38
7 70
42 45
9 28
85 70
86 18
80 5
66 71
28 42
50 65
26 73
54 99
46 60
44 37
94 88
90 36
54 6
25 66
53 98
84 10
31 56
25 82
67 25
99 94
36 97
52 86
20 13
82 89
68 45
66 72
20 82
39 76
70 59
50 72
69 52
27 62
94 51
64 2
71 21
39 63
84 97
5 44
98 34
14 49
46 58
22 48
96 93
11 68
42 22
87 43
44 100
26 52
68 57
73 82
26 74
41 30
53 61
47 58
60 24
57 47
41 14
79 45
95 98
65 74
20 52
45 16
97 52
70 70
81 27
75 55
92 54
9 66
88 22
78 92
47 39
75 16
23 2
23 31
76 85
23 37
29 78
31 58
36 93
76 86
15 49
42 13
48 13
96 1
93 65
29 1
54 33
3 16
70 33
87 99
48 71
91 15
4 92
16 72
60 28
34 29
18 1
55 78
65 10
21 73
27 56
19 68
81 32
98 27
2 19
98 26
96 69
53 75
40 61
4 51
13 8
85 7
34 66
72 72
1 78
5 69
49 84
70 8
13 35
86 68
37 33
52 30
4 40
15 83
17 42
37 58
3 88
10 11
1 96
40 93
64 55
98 37
88 61
92 46
83 52
22 37
62 97
20 85
36 2
95 68
22 77
66 92
11 99
72 50
60 55
7 93
41 21
19 62
3 64
62 27
97 56
5 2
15 92
81 43
94 38
13 27
10 25
54 25
87 60
59 44
89 74
79 13
31 9
99 90
70 68
49 62
8 20
44 21
35 36
85 85
63 42
10 89
96 50
46 27
13 32
93 8
49 23
5 71
51 38
89 33
71 89
70 74
97 10
60 91
26 24
36 3
28 85
33 67
59 7
25 28
36 14
35 59
64 46
71 10
25 67
14 94
81 49
3 14
97 96
9 3
44 55
10 58
69 21
21 25
36 40
80 4
57 62
5 26
52 91
60 74
31 80
71 18
96 21
11 53
98 63
53 91
82 62
101 1
75 17
90 58
67 22
42 83
9 78
80 50
31 94
89 39
48 50
84 61
66 65
23 16
11 24
18 64
5 8
87 64
64 13
63 49
25 84
73 55
2 67
38 48
48 67
21 90
64 29
98 29
18 73
55 72
19 21
45 26
46 17
60 75
27 30
19 98
17 23
51 31
47 29
98 75
4 91
52 85
39 34
66 94
55 83
52 74
29 51
40 62
71 74
28 59
57 46
69 62
19 3
30 22
21 36
8 94
92 9
60 6
89 45
20 12
24 41
85 52
41 48
9 59
47 24
57 28
68 36
12 13
37 89
43 82
46 94
88 38
50 28
66 36
40 35
13 43
94 39
74 66
48 18
71 73
56 75
80 80
66 59
24 29
27 70
84 37
21 55
52 97
15 7
76 38
18 23
34 89
47 21
11 47
78 57
30 36
66 82
82 34
71 2
75 91
49 32
41 9
80 72
62 62
55 52
96 28
80 21
50 17
71 70
12 23
58 96
91 63
29 81
65 88
31 24
81 3
85 40
43 83
69 83
19 92
12 39
97 61
70 76
45 55
35 19
61 45
54 3
59 97
52 12
47 69
54 24
80 67
68 12
99 23
71 50
99 5
17 3
68 82
13 92
55 80
26 17
63 30
99 92
41 86
26 40
32 32
23 30
26 99
35 12
81 28
46 1
32 46
50 20
64 12
22 85
45 41
49 83
66 29
23 66
35 65
60 16
50 18
99 64
76 87
15 53
19 36
14 19
92 21
66 51
83 90
67 79
82 46
32 56
15 80
93 44
76 84
37 28
61 66
53 1
15 12
38 69
100 14
66 28
99 11
33 90
29 58
21 57
72 33
8 6
21 94
83 14
88 21
13 64
78 3
101 29
7 56
73 100
43 92
63 44
30 6
76 47
23 74
91 53
1 25
79 2
56 71
26 88
5 100
50 9
95 31
29 36
27 67
5 33
29 7
16 92
88 86
39 6
58 55
96 87
83 61
14 82
83 70
61 41
86 58
70 19
13 65
6 47
89 55
94 24
39 86
4 26
1 59
5 88
81 62
93 88
77 20
61 94
65 40
26 16
75 48
35 47
62 13
28 34
50 21
57 82
6 25
55 30
75 61
80 83
85 46
10 78
21 56
59 32
20 97
72 70
6 42
19 24
50 93
56 27
29 68
62 19
58 71
18 80
50 96
18 60
43 5
19 101
32 2
29 26
53 12
10 73
18 40
12 96
18 44
89 34
53 16
44 63
35 78
25 90
35 13
20 55
68 75
30 82
31 23
75 29
83 32
32 19
60 87
3 32
28 89
34 100
15 99
90 50
73 13
51 64
86 46
70 86
83 55
6 31
33 55
81 84
88 100
11 77
28 98
77 28
31 28
49 50
89 41
27 22
96 16
37 49
96 35
67 64
26 44
85 24
10 51
64 41
12 36
12 83
83 2
31 59
68 55
67 1
73 68
82 73
5 21
7 9
33 88
65 67
23 21
40 60
23 11
92 49
22 83
95 64
37 97
9 101
2 4
45 87
77 10
13 40
46 90
38 76
46 62
91 67
63 64
65 77
8 10
74 39
69 7
8 60
40 22
96 19
62 55
92 52
44 53
9 44
60 35
80 59
43 96
30 77
29 14
46 25
12 101
40 80
25 1
47 10
97 19
62 40
55 59
85 87
92 98
13 87
23 63
11 48
90 46
23 17
8 25
45 49
71 38
4 70
26 60
99 74
48 30
78 93
44 48
29 96
89 8
33 65
88 75
89 47
27 96
74 44
57 13
87 83
101 51
28 18
60 63
17 16
50 78
39 62
92 81
55 77
66 26
74 82
90 65
64 100
40 72
91 26
25 58
18 39
67 83
69 100
99 100
5 40
100 49
74 80
91 8
85 67
100 13
96 76
4 58
49 42
85 12
42 5
38 8
28 25
36 70
95 36
27 47
66 30
27 12
83 87
99 96
68 88
46 91
94 22
9 60
39 96
87 8
90 84
21 74
90 67
42 21
18 71
53 74
72 62
66 88
15 10
58 87
54 84
92 1
83 76
32 24
3 36
23 77
59 8
13 93
72 29
16 63
43 6
61 51
14 96
42 24
35 49
9 39
44 3
28 57
55 67
71 69
63 96
88 13
2 10
62 14
37 57
93 45
43 68
16 74
13 86
35 57
21 59
100 56
79 85
48 74
51 16
47 101
85 9
97 37
62 49
30 50
10 46
78 36
27 68
52 94
13 45
6 66
2 70
65 3
20 31
39 74
95 90
84 38
96 9
1 53
49 14
38 15
51 1
58 92
68 33
7 72
51 39
13 41
25 51
73 73
15 20
62 71
45 46
79 26
42 89
75 1
65 31
58 68
45 75
93 86
64 4
64 74
13 71
93 76
67 86
6 97
98 44
87 101
93 90
4 100
30 76
90 33
35 72
75 99
60 71
85 6
96 3
93 50
4 4
81 50
45 91
36 78
64 56
7 47
48 6
91 18
75 74
71 28
60 18
37 87
27 36
40 89
39 78
100 32
73 66
35 21
69 87
9 80
77 32
71 13
97 53
88 7
37 27
4 62
19 4
97 47
40 73
93 100
65 5
89 75
18 85
69 66
41 63
90 40
56 45
84 101
46 29
24 84
6 46
33 2
33 73
38 52
17 98
74 81
1 77
30 66
72 61
27 93
52 42
22 59
12 45
35 20
84 11
97 24
94 14
47 37
48 75
78 58
62 12
52 16
28 2
71 1
31 62
66 37
7 58
44 49
85 10
79 67
66 100
63 89
37 76
7 40
30 15
27 9
96 94
47 56
53 81
77 75
1 40
99 77
37 77
73 93
22 35
66 64
92 10
82 19
74 91
31 91
42 18
89 32
53 36
47 91
82 71
72 54
28 35
21 84
8 4
14 100
26 38
13 9
48 53
93 30
47 87
68 100
81 47
34 16
87 88
27 16
14 72
98 53
61 65
101 33
95 40
76 1
69 37
68 84
37 51
44 25
84 13
53 27
65 89
47 67
101 72
7 84
24 49
99 82
99 39
7 98
9 67
46 16
81 7
10 40
33 4
13 66
93 51
59 78
13 46
38 20
89 83
77 33
17 60
92 62
79 47
23 34
96 65
12 20
24 46
28 10
100 51
49 88
2 94
10 53
37 79
16 39
28 39
40 96
1 26
44 34
73 36
6 94
1 15
34 84
101 88
87 57
97 43
16 40
83 51
54 51
53 85
69 36
45 13
6 99
84 70
11 19
24 3
41 82
98 51
74 98
101 98
53 93
3 37
68 69
72 34
59 33
86 98
32 85
63 32
3 35
8 101
26 93
98 30
93 16
33 5
12 49
59 48
18 49
25 88
73 64
9 65
34 43
47 66
41 36
99 26
16 87
41 8
86 61
98 6
79 72
65 11
85 56
43 71
46 57
19 11
22 40
40 77
85 81
11 34
85 13
74 9
85 53
11 49
21 77
36 57
43 56
84 62
36 1
1 76
63 78
32 3
17 61
75 47
86 22
79 8
27 48
5 90
23 78
6 29
34 33
91 48
59 98
47 43
96 66
87 6
50 67
12 89
73 63
101 71
13 5
52 6
61 73
1 56
98 58
80 64
33 80
60 94
52 101
27 40
89 57
12 87
62 63
34 90
42 62
96 29
8 23
65 14
36 31
88 58
62 20
75 15
70 77
36 89
80 9
89 3
77 27
59 96
85 61
74 1
89 51
63 47
24 30
25 49
41 76
84 20
96 11
32 69
27 86
33 23
21 24
15 52
42 33
11 29
90 10
13 7
34 57
47 14
44 5
51 32
8 93
79 89
18 37
78 49
22 96
87 42
73 96
74 50
43 32
33 96
63 91
34 52
20 42
72 40
50 26
5 97
40 83
100 24
88 90
76 82
70 41
100 36
51 4
61 23
58 40
28 27
43 20
87 82
1 88
7 42
39 57
47 26
50 41
40 92
60 37
97 77
41 71
23 57
8 11
6 5
7 80
57 23
1 84
90 30
46 79
38 6
64 79
25 61
92 12
70 73
98 13
47 100
97 48
40 29
32 97
32 77
87 36
21 32
61 33
26 66
30 17
41 81
7 57
26 61
49 40
61 48
67 7
93 47
20 37
51 56
54 60
58 47
29 29
58 98
90 90
70 17
19 39
64 48
57 96
52 21
49 87
3 87
27 41
76 4
59 90
72 74
20 93
7 69
101 7
68 52
12 72
58 6
15 64
97 73
76 32
59 5
38 17
92 32
27 97
84 33
76 100
19 25
96 82
59 83
12 68
97 35
46 75
63 83
3 47
4 24
77 101
24 4
31 66
46 20
40 38
58 93
84 55
10 66
75 33
20 19
52 34
100 4
89 68
45 62
96 54
25 4
60 13
89 76
84 51
9 7
94 27
51 82
1 64
67 50
91 44
55 42
23 64
38 16
20 36
50 43
1 19
67 78
83 45
33 3
99 69
93 5
80 41
46 39
1 36
41 99
95 76
90 98
24 10
21 19
58 42
98 66
54 49
28 68
4 86
99 46
61 22
42 60
68 7
54 39
54 93
72 22
43 18
63 67
48 59
14 66
84 53
17 20
81 44
55 96
30 23
75 11
54 31
70 39
6 64
18 9
12 69
6 45
37 59
66 67
61 36
12 12
21 101
75 39
75 12
41 49
20 27
58 91
3 30
86 37
81 34
11 70
26 26
52 83
92 6
100 88
17 88
32 53
90 45
43 49
21 3
83 68
86 8
6 2
27 21
55 29
99 45
14 75
51 42
90 35
93 67
64 65
23 36
49 11
25 76
41 2
26 23
23 85
18 48
53 20
37 72
100 74
74 63
39 24
79 39
37 3
16 71
47 20
75 14
23 6
30 68
24 83
85 96
97 74
80 57
84 96
2 32
79 49
14 26
76 92
80 30
57 45
36 38
65 19
27 7
59 31
72 12
7 63
34 39
3 25
91 40
80 79
94 66
40 20
69 59
24 80
7 16
95 34
57 22
99 53
70 61
21 28
83 23
86 36
88 15
62 79
31 55
42 27
14 71
18 13
26 10
12 76
86 67
86 44
68 10
32 39
98 49
101 47
40 36
18 41
100 12
63 65
10 90
87 53
95 15
7 60
91 62
81 60
8 74
14 99
66 27
25 38
74 89
11 76
8 68
62 101
37 13
101 8
71 15
101 77
54 20
72 78
68 79
29 37
90 61
41 59
92 3
59 42
85 29
60 29
1 57
62 32
87 39
81 59
40 71
92 14
68 77
72 59
69 96
11 6
58 38
54 100
7 46
60 98
56 50
45 98
60 17
64 89
18 100
93 89
3 57
99 65
57 57
11 64
69 40
27 84
93 40
56 23
8 80
10 42
16 78
83 97
27 23
91 10
44 82
70 18
11 56
17 83
20 48
40 76
48 54
56 47
93 4
41 23
70 3
40 57
55 21
35 2
60 51
55 57
9 75
75 77
64 88
92 23
25 14
22 75
8 47
36 16
82 32
62 42
2 55
39 33
62 43
28 12
83 30
73 10
29 75
9 10
70 69
9 92
60 14
30 32
66 38
55 91
27 75
69 82
67 39
20 35
44 31
39 56
97 51
91 37
27 6
56 24
21 42
6 58
10 86
100 68
91 97
36 47
65 80
12 5
78 53
21 21
33 75
83 36
24 90
24 85
3 70
68 6
1 60
54 101
58 54
76 23
52 35
1 66
50 35
62 53
2 87
63 45
8 78
21 18
13 11
9 63
37 92
43 23
8 64
36 27
31 11
72 88
71 96
87 21
63 100
93 80
78 60
12 3
28 58
17 93
60 11
21 7
49 53
46 50
35 11
12 40
79 40
39 58
3 13
23 93
24 89
90 16
4 19
48 72
4 12
65 72
16 48
61 30
100 17
37 15
72 2
38 85
32 75
3 77
2 41
40 33
18 93
28 73
19 84
19 52
46 59
100 59
89 54
61 31
17 84
97 44
56 84
35 75
94 12
22 60
21 43
57 32
34 34
101 87
91 42
10 37
56 34
78 64
40 63
31 15
4 33
63 19
80 31
47 18
99 25
71 48
72 42
39 42
32 58
77 89
101 28
48 66
32 54
66 70
51 73
13 85
89 63
9 1
38 60
64 3
85 41
28 65
11 72
8 57
94 16
50 45
101 79
9 61
12 90
90 1
59 59
17 90
63 34
22 50
37 54
88 74
66 66
10 6
35 68
42 50
83 77
84 5
81 5
58 60
90 13
22 27
96 53
34 79
57 48
67 58
83 82
18 12
37 47
64 59
9 5
92 70
38 55
57 84
16 21
30 24
29 38
24 101
9 12
15 74
45 77
44 17
65 93
79 50
9 91
100 47
48 98
59 81
11 94
12 8
88 71
53 56
40 53
47 40
61 43
40 23
81 93
77 71
95 93
38 87
25 91
29 19
4 79
70 63
88 70
50 70
41 34
69 1
32 87
85 54
14 31
22 72
40 45
26 32
51 46
22 33
11 22
55 48
96 84
51 44
5 4
11 80
55 70
5 30
82 44
20 68
45 9
3 8
58 9
19 93
61 85
11 73
41 55
10 74
51 49
99 83
78 97
57 55
25 54
82 21
7 18
55 18
94 20
76 69
78 26
79 71
45 37
81 66
55 89
36 18
72 46
22 1
42 71
94 68
38 12
70 11
31 100
50 29
37 85
78 25
52 10
28 33
43 65
76 34
36 59
65 61
13 33
82 80
79 31
58 83
85 42
11 5
55 94
2 17
1 46
17 56
55 68
16 88
52 25
88 56
63 90
59 62
82 78
49 97
58 80
3 55
31 60
85 92
23 9
24 12
31 96
71 42
93 101
65 78
70 56
96 90
49 80
36 87
75 85
59 56
49 86
21 61
34 85
88 43
89 1
47 53
63 101
37 94
36 73
74 7
32 61
43 43
32 49
57 42
71 65
14 48
54 73
4 56
71 99
84 21
4 36
94 17
90 18
73 11
87 61
36 66
24 61
15 76
57 58
73 47
94 67
85 51
69 97
71 72
90 23
80 94
57 41
48 70
46 12
14 63
22 24
60 49
57 29
5 52
53 82
51 61
44 74
22 26
51 80
77 31
77 23
11 71
1 34
75 40
11 17
93 43
88 18
65 29
8 8
21 9
41 89
90 57
31 82
93 99
19 19
83 8
41 101
56 28
25 78
68 63
75 4
55 54
24 59
20 32
43 76
21 49
87 3
48 58
63 39
28 7
70 40
5 63
89 4
66 40
39 92
1 6
59 49
20 89
62 54
11 51
93 97
54 42
98 17
32 34
54 64
25 39
76 75
35 100
32 57
40 49
92 59
15 15
2 43
80 1
2 57
20 4
31 40
2 3
42 17
87 29
11 41
44 50
88 11
45 66
34 67
33 25
87 31
64 43
51 52
82 3
77 16
94 49
89 80
5 77
17 31
61 59
23 7
46 26
53 86
42 32
18 68
70 30
2 72
94 69
23 65
85 68
99 73
54 79
88 65
66 34
3 73
54 94
79 76
2 68
15 27
26 77
11 65
50 62
65 50
84 43
71 97
1 68
17 85
89 89
3 84
90 85
86 71
55 53
72 6
42 93
69 6
12 44
25 18
9 72
33 82
25 31
76 9
58 85
91 69
101 34
51 41
43 14
49 75
5 24
9 25
36 29
76 41
65 53
93 10
46 31
34 42
6 70
35 32
76 21
84 66
48 57
100 11
28 91
17 25
41 3
59 79
3 4
75 60
42 49
97 94
13 17
60 48
61 54
10 101
24 17
92 43
64 77
88 2
25 24
54 91
84 82
28 13
24 18
96 47
10 21
100 8
18 72
100 5
73 29
75 28
14 90
53 24
