41
33 4
1 1
18 23
2 2
28 21
3 3
33 14
4 4
19 25
5 5
9 21
6 6
18 26
7 7
26 22
8 8
26 39
9 9
8 16
10 10
23 2
11 11
20 8
12 12
25 26
13 13
28 13
14 14
16 5
15 15
36 32
16 16
6 38
17 17
31 11
18 18
39 22
19 19
7 6
20 20
1 25
21 21
35 28
22 22
13 7
23 23
27 9
24 24
19 33
25 25
27 18
26 26
16 41
27 27
33 41
28 28
9 20
29 29
5 17
30 30
22 21
31 31
7 17
32 32
17 39
33 33
18 25
34 34
6 39
35 35
23 19
36 36
4 26
37 37
14 4
38 38
17 32
39 39
25 33
40 40
25 22
41 41
40 39
35 15
5 28
11 13
27 13
29 16
20 35
40 28
36 16
3 28
33 9
2 12
10 19
5 37
5 14
5 16
1 3
20 32
31 41
16 7
12 36
22 30
35 3
29 18
32 9
21 34
28 3
14 8
18 14
4 14
4 21
8 31
33 36
15 20
6 22
11 10
12 24
39 21
36 12
21 13
7 3
41 38
7 24
31 1
22 17
8 7
6 14
24 27
8 15
2 8
32 11
2 17
2 32
1 2
16 25
5 32
36 41
1 28
38 3
27 40
36 24
11 2
6 12
37 11
13 15
10 20
8 20
5 40
8 32
34 1
41 30
20 6
30 23
11 32
39 20
24 37
2 14
1 17
20 10
39 28
6 3
29 28
35 29
37 23
23 27
15 35
16 21
27 30
34 21
6 11
34 8
4 29
40 20
10 39
13 34
13 33
14 16
14 36
24 15
12 39
32 31
7 14
33 18
31 19
14 7
11 39
24 4
24 5
8 38
7 18
1 23
15 17
38 33
21 27
39 29
22 25
11 15
40 7
31 29
7 2
20 26
34 7
31 35
8 26
22 33
34 41
9 15
32 6
19 40
6 24
33 8
34 20
27 32
35 22
10 4
31 15
12 40
32 29
3 24
13 31
9 2
14 34
6 7
36 40
14 28
33 16
8 41
33 22
1 11
38 29
33 35
7 4
2 7
31 22
11 34
37 10
37 14
32 20
23 11
34 11
19 17
24 25
19 31
29 39
39 11
34 35
18 30
37 34
25 2
19 15
13 35
2 26
4 36
40 23
37 4
2 37
36 31
39 34
3 7
13 2
22 7
31 2
5 3
40 5
33 40
16 18
19 13
12 22
24 36
37 17
12 3
35 18
20 5
22 3
9 3
30 8
15 9
37 29
37 24
28 1
21 10
32 22
16 22
22 31
27 39
33 13
2 20
7 41
10 24
24 7
35 25
4 3
35 34
35 39
5 10
34 24
35 7
11 4
27 14
39 31
30 25
34 25
1 7
35 23
16 37
13 36
27 23
41 12
8 37
30 41
17 5
6 8
8 21
23 8
13 19
25 36
9 10
25 29
20 36
41 17
26 21
34 13
11 37
24 18
27 5
5 31
23 18
36 9
39 4
3 2
28 6
21 32
18 5
32 2
2 28
29 19
3 17
22 19
33 10
32 14
25 9
13 4
34 23
2 41
19 27
15 18
2 22
1 19
30 4
6 16
41 24
23 32
22 20
36 25
35 32
40 41
16 23
28 26
24 16
30 12
38 20
9 38
21 33
28 33
35 33
38 40
38 35
17 2
21 36
25 38
21 30
18 22
18 6
38 15
11 9
23 25
30 16
3 37
37 33
11 20
8 9
22 14
20 34
33 1
7 23
28 17
40 30
37 16
36 35
8 14
29 13
34 18
8 19
9 12
17 20
5 33
20 22
27 36
15 31
4 7
41 26
41 3
20 29
31 12
5 13
14 29
1 33
33 25
13 40
41 23
19 28
30 2
34 37
13 11
15 27
41 36
13 10
27 11
6 18
14 11
26 29
25 40
1 9
34 4
20 3
25 41
22 11
19 29
11 28
6 31
32 33
41 5
37 35
9 37
29 6
14 17
9 36
34 9
13 14
19 10
16 30
14 9
30 22
20 30
1 21
23 38
36 3
14 20
22 23
13 27
14 5
12 27
10 30
39 12
16 3
9 32
25 34
35 8
7 39
39 17
35 38
22 26
39 24
31 10
7 8
2 34
27 31
40 13
9 1
8 34
22 1
34 31
5 11
17 34
22 13
30 29
20 13
23 4
4 38
11 29
27 33
15 24
14 41
12 1
30 32
3 15
6 17
8 22
22 36
1 12
40 11
36 18
25 7
35 40
27 6
24 33
37 15
41 19
4 9
10 7
6 37
37 1
40 15
10 40
40 33
38 4
10 1
13 41
21 24
21 31
39 9
34 27
13 37
20 21
19 5
33 21
39 6
25 27
25 37
17 35
28 30
12 10
21 1
3 4
7 22
24 1
26 25
21 28
34 6
39 35
26 18
32 18
3 31
25 17
2 21
31 27
22 32
33 28
28 12
17 9
11 1
4 35
11 6
40 37
11 33
19 12
9 8
40 31
21 7
1 35
6 41
4 37
10 25
16 40
14 25
7 26
40 25
14 21
1 20
12 20
37 18
22 40
32 3
22 6
38 8
29 22
38 5
11 19
19 22
13 32
8 29
24 13
5 15
22 4
27 37
17 38
10 29
35 16
3 11
20 28
37 20
34 28
27 10
6 1
4 39
6 19
36 8
28 29
18 33
19 18
40 17
17 24
23 20
1 40
24 19
32 35
4 19
40 21
1 39
8 35
17 18
21 19
14 30
2 36
33 34
36 20
30 40
29 38
37 27
28 27
34 14
23 5
17 1
15 29
1 5
15 39
3 21
5 6
20 33
4 33
3 35
20 4
22 12
7 38
9 41
12 17
36 22
19 11
28 15
29 14
1 14
23 10
35 9
19 36
1 15
40 18
17 19
11 38
1 16
19 6
38 9
14 33
18 13
17 16
18 16
8 13
27 21
10 8
8 24
36 11
28 9
7 21
12 4
7 13
18 7
13 22
32 40
27 8
7 25
10 27
40 4
38 37
34 17
10 41
27 20
13 17
4 11
33 27
29 36
9 14
16 27
3 9
33 7
27 2
10 26
5 34
1 30
14 10
28 31
29 4
8 3
40 32
40 3
18 10
28 37
19 9
16 4
1 6
23 9
38 39
38 11
37 22
29 33
4 8
14 27
36 4
31 39
7 30
23 21
4 1
29 41
1 36
5 21
18 21
32 17
19 26
36 5
28 24
41 1
12 26
35 31
14 2
31 33
30 28
9 33
31 4
11 21
4 15
32 39
7 5
26 15
25 3
25 32
17 28
10 15
24 11
41 14
37 12
2 35
6 10
28 38
13 6
14 26
17 30
6 4
11 24
13 18
30 21
3 39
16 28
23 13
15 4
10 38
21 9
8 23
5 7
31 28
2 38
18 2
5 23
21 39
33 26
21 14
25 6
8 40
34 38
4 24
23 3
2 23
29 11
18 20
31 7
13 39
41 22
14 31
7 9
37 41
25 35
41 21
20 9
3 5
37 21
38 17
30 1
24 28
10 12
13 16
8 18
15 41
29 23
12 9
24 29
30 9
31 13
13 1
6 27
37 7
32 41
21 5
7 31
12 14
25 31
10 14
27 26
6 26
17 29
10 34
12 41
3 16
34 33
14 13
31 18
41 20
23 40
23 1
13 20
6 20
5 38
27 41
17 26
32 28
24 35
1 29
22 5
6 40
2 9
16 34
36 13
12 5
26 17
7 15
9 13
14 19
33 12
15 26
10 21
24 12
31 40
38 24
8 27
16 17
17 3
19 41
37 31
25 19
17 8
41 33
29 7
16 29
41 29
33 5
10 18
39 5
40 34
34 32
9 4
29 17
8 6
28 40
15 14
41 9
14 6
11 40
19 30
32 23
20 15
18 37
30 7
17 41
26 16
23 17
29 32
13 38
22 27
3 14
16 10
11 23
37 39
1 18
9 24
2 31
39 36
28 7
14 32
5 2
5 1
5 39
26 27
30 37
1 24
15 1
35 41
19 24
17 37
26 13
30 27
3 1
3 29
28 16
36 30
1 4
23 14
41 39
32 34
1 34
41 13
16 2
15 5
14 38
31 38
32 30
23 24
30 35
23 12
35 24
27 1
26 8
17 33
14 23
37 8
5 4
39 3
13 29
17 40
3 40
25 1
16 31
38 10
37 38
39 1
8 12
32 13
38 25
19 21
25 5
38 41
24 30
4 34
9 25
30 10
29 34
32 5
3 32
2 5
15 38
37 2
23 36
6 32
7 12
30 15
10 33
30 33
38 28
15 33
2 24
7 11
7 37
28 35
11 12
25 16
11 22
27 16
26 4
23 16
3 27
3 25
16 14
28 20
28 4
39 16
8 30
28 36
15 10
4 12
29 37
6 29
3 22
5 30
35 1
29 12
20 12
19 32
28 34
5 27
20 37
18 39
11 36
35 19
30 31
23 34
23 41
25 23
9 11
35 36
39 38
27 17
5 24
4 17
19 20
4 20
32 19
1 38
14 24
37 9
40 9
11 41
7 29
9 34
19 16
35 10
40 36
8 17
15 19
11 18
32 27
34 2
37 25
38 1
26 36
26 20
9 22
17 6
37 36
29 5
3 19
14 22
22 34
33 6
21 35
2 19
36 7
12 23
3 36
39 40
7 34
21 8
32 12
23 37
24 21
5 20
10 32
22 15
8 28
36 15
37 30
33 37
34 29
38 12
22 38
10 36
10 28
35 21
19 38
32 21
21 40
6 15
39 10
29 9
36 33
2 11
26 34
15 2
29 27
24 22
8 1
17 36
21 20
16 20
1 26
17 21
17 13
29 1
40 1
35 2
29 20
23 33
6 30
4 18
12 16
16 36
24 39
24 31
37 6
7 10
18 24
36 23
12 13
39 30
39 8
6 36
36 29
33 17
41 35
7 19
2 33
35 12
6 34
12 11
15 28
8 25
23 31
20 1
41 8
35 13
20 39
29 8
40 29
32 15
7 40
16 35
38 36
8 4
27 19
20 7
31 32
30 24
9 5
13 8
36 6
31 36
2 25
24 20
38 19
11 31
34 19
7 33
27 22
34 10
34 5
26 7
18 17
5 19
13 23
18 27
12 29
22 35
31 21
2 10
41 40
12 31
27 12
27 15
20 11
12 28
16 33
25 24
21 6
19 39
13 21
18 9
13 3
4 6
36 26
33 24
3 41
13 24
7 32
39 41
25 39
14 12
26 32
27 7
20 17
38 13
9 31
15 22
17 7
39 23
27 29
3 26
19 7
10 35
11 26
1 41
24 6
11 27
20 14
26 14
38 22
35 30
15 13
20 41
22 9
21 18
9 18
27 35
17 25
9 28
17 15
22 16
21 11
18 29
5 9
29 31
25 15
23 29
38 31
35 17
27 38
22 28
26 30
30 6
27 25
32 24
18 1
15 36
7 16
37 13
12 34
30 17
2 39
30 26
5 18
10 3
39 7
12 37
10 16
26 5
17 10
24 26
7 1
10 31
9 29
3 30
6 25
35 27
38 26
41 7
6 33
40 22
3 8
12 21
16 6
18 41
39 33
15 32
16 19
25 11
29 15
19 37
35 20
16 24
17 22
35 11
16 9
30 20
28 5
41 4
36 1
20 38
28 11
32 16
41 2
26 38
34 12
26 41
37 26
20 19
23 39
41 16
8 36
15 6
39 15
7 20
30 11
26 40
11 5
2 30
24 14
16 1
6 9
28 18
24 9
38 34
29 25
18 31
27 3
10 37
26 24
34 39
15 16
8 5
32 1
40 2
18 15
40 12
18 28
28 41
26 10
14 15
34 26
24 3
18 11
37 3
5 12
3 6
40 27
13 12
15 34
28 2
4 10
31 6
26 23
12 38
21 23
12 32
11 30
36 17
21 41
32 25
26 6
15 30
15 8
24 17
16 39
1 22
28 22
36 28
11 8
18 12
34 15
20 24
2 1
33 32
1 37
2 6
40 24
33 19
5 35
11 16
9 40
16 26
29 2
9 7
4 2
7 36
34 40
12 2
21 22
38 32
26 3
39 18
40 14
38 27
28 25
41 15
25 10
23 28
19 35
21 17
25 8
40 26
6 21
13 25
31 3
4 16
41 37
3 20
27 24
6 28
14 18
14 39
10 11
21 16
23 35
14 3
3 18
40 19
5 25
40 35
37 40
33 29
8 2
3 12
20 23
5 26
34 30
7 28
29 26
6 5
8 11
41 11
22 2
22 10
30 38
34 36
39 32
24 10
33 39
30 36
37 32
38 16
26 12
13 26
25 28
23 22
2 27
2 29
33 31
8 33
15 11
9 39
26 35
22 29
31 34
8 39
36 27
16 13
6 13
20 27
31 24
24 38
36 34
13 9
3 33
29 3
39 14
2 15
9 16
32 8
29 21
32 7
41 28
28 39
4 13
32 10
23 6
39 37
17 12
26 28
38 21
9 23
2 3
16 15
22 18
33 23
5 29
38 30
22 24
37 19
4 32
12 19
24 34
9 35
24 2
20 2
9 27
29 30
4 22
38 2
21 29
31 17
34 3
12 35
18 36
36 2
3 38
5 41
15 25
40 8
39 27
9 19
35 6
5 22
36 19
39 25
10 5
29 40
23 7
31 5
30 39
28 8
18 38
25 20
35 5
26 1
25 18
22 39
17 23
17 4
12 6
12 30
20 16
40 6
11 3
1 27
11 17
27 34
36 21
13 28
4 27
9 30
30 5
12 15
13 5
7 35
30 18
18 19
23 30
18 40
5 8
30 34
37 5
33 2
2 16
34 16
24 41
21 37
9 17
1 10
34 22
3 13
36 39
41 31
12 33
33 15
6 35
20 40
15 3
17 27
25 14
29 24
41 25
32 4
20 18
22 37
21 2
20 25
24 32
26 11
12 18
24 23
19 4
29 35
35 4
21 12
40 10
31 9
6 23
32 26
14 35
1 8
24 8
18 34
4 23
4 25
35 26
32 37
21 26
18 3
16 11
32 38
1 31
18 4
37 28
19 34
26 31
33 38
41 32
18 35
31 23
41 18
38 14
31 16
4 5
17 31
31 37
33 20
36 37
39 26
26 2
26 33
25 12
6 2
30 19
39 13
41 10
16 38
19 8
35 37
10 13
9 26
10 23
29 10
28 32
10 17
35 14
15 21
19 14
38 23
15 40
2 40
12 8
25 13
41 27
14 37
18 8
31 8
10 6
3 34
4 41
21 38
17 14
28 19
10 2
31 14
16 32
15 12
21 15
5 36
16 12
33 3
26 19
2 13
28 23
4 31
19 23
15 23
24 40
2 18
10 9
31 30
38 18
7 27
21 3
23 15
28 14
19 2
30 14
11 14
41 6
39 19
19 3
13 30
30 3
36 38
25 4
36 10
17 11
11 35
3 23
31 25
27 28
31 20
21 25
25 21
31 26
12 7
39 2
40 38
14 40
4 30
11 25
21 4
16 8
20 31
33 30
32 36
23 26
30 13
28 10
4 40
11 7
40 16
36 14
18 32
14 1
1 32
27 4
15 37
8 10
9 6
26 9
4 28
38 6
15 7
22 41
38 7
41 34
26 37
10 22
1 13
12 25
25 30
22 8
2 4
19 1
3 10
33 11
