51
1 51
27 12
2 50
9 3
3 49
14 12
4 48
16 38
5 47
28 32
6 46
48 14
7 45
7 33
8 44
37 36
9 43
42 37
10 42
48 41
11 41
46 47
12 40
45 26
13 39
38 31
14 38
32 48
15 37
27 3
16 36
1 6
17 35
12 47
18 34
41 27
19 33
18 46
20 32
50 33
21 31
28 35
22 30
1 24
23 29
39 17
24 28
17 23
25 27
41 12
26 26
7 26
27 25
31 17
28 24
8 17
29 23
13 19
30 22
6 26
31 21
21 9
32 20
20 6
33 19
43 23
34 18
5 35
35 17
13 15
36 16
7 38
37 15
26 39
38 14
30 11
39 13
8 45
40 12
2 34
41 11
26 42
42 10
10 26
43 9
36 38
44 8
39 47
45 7
30 29
46 6
50 44
47 5
2 36
48 4
26 30
49 3
23 37
50 2
32 5
51 1
23 41
17 8
24 33
36 6
6 36
40 25
38 3
40 30
11 43
28 21
49 6
25 18
30 34
33 50
37 47
30 6
17 49
14 29
16 37
40 41
15 3
10 35
41 15
22 1
44 47
12 18
12 3
49 30
19 18
39 20
13 43
17 6
43 16
21 50
6 21
9 6
21 1
38 2
35 51
44 51
51 34
34 35
25 20
34 39
28 38
24 27
45 5
5 21
39 3
23 19
35 11
38 39
29 31
49 25
27 35
51 39
4 27
33 18
35 34
34 42
9 29
28 31
6 38
46 4
9 48
45 32
48 22
6 19
47 39
40 49
13 33
28 50
39 48
28 36
18 5
22 38
49 2
51 3
33 43
32 10
15 51
33 41
13 40
50 16
34 47
20 2
7 28
19 42
34 5
10 28
23 7
21 33
47 8
15 1
42 38
35 39
47 11
18 28
51 21
45 14
49 47
42 28
9 5
49 51
38 25
33 51
27 1
30 19
9 32
10 36
16 44
45 2
2 4
14 35
3 34
45 25
27 34
47 36
30 33
30 25
12 11
41 18
3 12
10 31
46 48
39 24
34 37
21 14
15 44
14 28
20 26
19 44
41 5
22 51
37 17
7 23
41 26
17 13
39 16
25 45
3 30
18 48
26 44
19 49
50 23
6 7
42 49
14 41
10 18
25 4
13 25
45 18
25 34
51 48
31 8
50 29
38 43
45 45
2 11
31 41
35 1
1 47
46 32
49 12
20 48
44 44
33 25
46 44
22 2
9 1
36 27
5 3
8 33
21 25
27 17
2 12
2 43
22 45
30 30
44 10
19 39
6 45
9 26
20 50
15 14
40 15
14 26
8 20
7 43
21 20
50 19
46 13
12 9
9 13
14 39
5 20
41 2
15 30
11 26
50 31
25 25
16 33
3 38
10 6
41 51
2 7
18 16
7 14
47 37
28 28
29 2
15 23
49 44
45 34
30 36
41 30
49 26
42 5
40 16
1 7
1 8
21 27
29 44
2 38
15 10
9 23
19 26
20 12
32 26
42 16
28 12
7 7
50 3
38 35
5 39
24 9
38 28
5 8
31 35
22 18
51 26
33 49
35 42
46 19
25 24
22 6
4 23
6 27
32 33
35 35
15 24
29 6
26 27
15 17
4 39
39 46
50 50
48 21
16 28
19 24
43 34
49 41
40 14
38 38
42 4
14 18
50 10
22 42
18 40
37 23
4 37
21 26
21 43
18 3
29 51
31 49
26 19
42 23
15 42
45 35
41 49
48 16
47 24
16 34
22 3
29 50
26 23
42 47
23 26
51 45
34 45
17 48
15 35
14 10
19 13
36 8
23 31
47 20
42 43
10 34
37 24
33 11
37 4
43 4
2 37
13 9
9 47
3 37
26 35
28 11
5 27
20 39
22 15
30 20
18 11
46 29
36 20
10 1
43 6
25 40
19 7
9 14
10 12
7 47
7 49
34 3
25 29
44 48
38 18
51 18
36 45
48 40
31 23
25 37
42 1
23 46
12 50
5 25
17 20
8 47
17 46
13 34
21 41
16 19
6 18
42 11
30 1
24 11
25 7
2 2
22 11
18 51
17 18
46 46
15 47
39 37
32 22
42 24
50 27
17 22
5 42
27 36
21 2
23 11
45 12
30 8
18 7
32 42
10 49
33 12
18 8
37 32
32 24
41 29
22 46
13 36
12 8
23 13
26 38
49 38
47 29
43 32
27 49
36 5
3 10
47 9
44 27
29 16
3 41
29 36
17 7
33 16
36 28
16 43
45 15
4 31
38 13
16 1
10 45
8 12
50 37
34 46
50 14
42 9
28 13
17 39
28 16
37 49
40 19
30 17
48 19
21 51
22 17
13 18
31 36
19 21
27 11
26 47
13 20
18 9
46 5
1 29
11 16
21 46
47 48
11 33
13 13
27 26
36 31
37 34
27 39
12 28
23 17
6 44
2 5
27 31
50 7
18 50
39 39
35 19
7 19
29 34
11 6
34 14
46 38
9 18
35 16
9 37
49 28
50 12
40 40
35 2
32 3
48 6
39 49
34 38
2 27
16 16
22 40
37 19
49 43
49 34
2 41
18 20
51 24
10 51
22 48
43 8
47 4
7 18
8 10
5 4
2 44
49 11
42 33
47 16
9 8
40 44
20 22
10 21
9 30
34 51
13 29
1 32
18 35
1 31
9 16
10 4
33 28
5 28
2 6
43 29
3 23
31 24
7 2
7 21
48 37
35 27
41 39
6 14
22 19
12 51
29 26
11 46
43 46
31 50
45 19
45 44
28 37
32 41
13 41
11 50
27 23
42 36
2 26
41 34
28 17
29 46
6 39
43 13
48 7
6 23
48 1
48 2
43 36
18 22
12 14
26 48
22 10
1 18
47 13
48 27
27 47
13 8
50 39
4 6
31 20
2 46
30 27
19 20
42 2
6 42
49 1
26 45
8 9
31 46
36 29
49 14
13 44
13 14
49 24
24 29
50 25
10 7
20 24
3 35
22 47
6 28
12 17
20 15
41 42
28 39
47 47
6 9
44 23
3 50
26 4
6 6
46 28
9 9
50 38
30 39
46 35
46 17
39 4
50 32
49 15
30 42
12 24
20 20
22 13
41 40
11 17
48 32
39 23
33 7
30 18
48 23
17 4
47 10
22 21
33 40
27 21
40 21
31 34
27 40
28 26
49 45
6 22
22 14
8 23
19 15
43 33
42 7
27 50
15 34
13 23
27 46
46 7
24 5
30 35
12 43
42 32
19 45
3 32
23 8
11 45
9 35
12 44
40 5
34 8
16 26
21 45
50 34
34 50
30 31
12 1
25 51
32 8
26 41
33 33
26 50
18 36
25 3
45 22
25 35
31 18
11 18
49 5
32 11
28 25
28 6
48 33
47 27
50 47
12 25
33 26
18 25
16 14
45 11
45 10
31 16
7 20
9 15
15 27
41 19
17 9
9 19
31 25
20 13
45 9
43 21
13 2
29 15
26 6
8 5
22 12
40 8
2 31
26 18
38 6
47 30
51 46
44 21
2 19
13 45
5 17
25 13
24 31
15 43
49 36
27 16
41 21
1 23
20 43
39 50
25 14
49 27
18 27
33 35
27 6
38 22
14 31
21 3
51 33
34 28
12 48
3 2
48 35
39 15
24 43
27 44
20 17
32 37
24 35
4 26
14 8
28 3
11 49
29 5
51 17
13 32
6 10
37 48
28 1
49 33
50 40
1 27
50 41
51 27
41 16
10 15
51 14
14 45
41 43
17 42
14 14
22 36
36 44
1 43
20 44
45 1
16 46
13 47
45 13
30 14
25 9
22 26
35 41
37 1
18 29
43 10
35 25
16 6
31 33
14 6
34 4
40 45
6 51
29 48
2 30
30 45
47 15
16 47
34 30
6 34
34 21
29 40
37 41
29 24
47 18
35 43
32 32
26 36
24 48
8 24
26 51
9 51
21 35
37 38
8 41
5 7
20 34
1 5
21 10
17 24
18 18
28 30
2 14
34 20
18 43
40 48
6 15
12 38
23 25
25 23
21 6
29 12
25 26
32 17
18 42
33 31
27 27
31 15
29 30
19 34
5 1
14 51
44 18
38 50
36 7
4 24
5 36
29 41
5 29
44 46
38 11
12 30
19 16
5 6
50 20
23 3
27 30
39 27
40 28
43 24
1 21
36 1
26 5
30 23
16 40
36 49
32 30
18 26
45 29
15 13
11 37
13 26
42 19
1 49
28 46
1 34
40 38
29 13
7 5
42 22
6 20
33 2
2 47
2 35
8 35
15 12
37 7
3 27
1 1
11 21
26 32
31 22
30 51
38 47
17 16
9 45
33 14
9 40
48 42
9 17
47 50
46 3
9 28
13 37
36 26
50 21
24 40
19 2
17 11
5 44
34 2
3 44
21 30
29 11
32 46
25 38
39 40
40 46
20 14
37 29
1 46
12 15
9 46
7 40
50 49
24 7
14 19
32 35
5 24
6 1
17 45
14 36
20 42
28 41
10 43
29 18
17 3
32 44
5 50
17 50
32 13
36 40
19 35
37 6
26 11
46 45
2 33
34 34
40 32
39 21
20 16
49 50
1 13
20 35
47 41
37 45
38 10
43 20
16 31
9 31
18 31
1 14
41 10
23 51
11 48
41 22
23 35
43 49
46 34
21 32
45 27
11 1
4 19
17 12
9 49
33 42
27 4
36 15
7 51
26 7
35 38
35 6
45 42
15 31
22 25
7 4
14 27
48 48
13 11
14 46
34 7
21 8
48 13
27 38
29 28
1 35
10 25
27 15
19 19
8 7
21 4
51 28
8 25
2 42
4 25
44 9
3 47
39 25
16 12
40 3
27 7
1 40
6 5
30 48
14 49
8 6
16 42
32 15
34 29
29 47
19 50
42 30
3 42
14 30
21 16
1 45
26 46
7 27
20 37
6 35
18 13
49 32
9 25
36 13
36 14
46 30
51 5
28 14
23 45
17 15
48 28
51 16
31 11
33 3
44 26
5 23
47 22
9 10
42 27
7 34
21 15
20 51
24 26
12 6
15 5
40 9
3 19
8 4
50 13
48 47
13 22
44 50
41 25
30 7
19 28
12 19
37 10
24 37
40 43
39 35
36 18
17 41
10 50
8 8
50 28
26 15
18 44
12 5
25 48
16 5
42 41
20 36
24 41
26 49
38 4
28 2
29 21
39 10
48 51
8 40
17 21
7 13
25 21
39 30
11 3
5 18
28 5
37 35
10 44
5 12
47 40
17 43
8 30
50 48
32 43
13 28
39 9
39 18
32 12
13 24
19 32
10 41
20 41
31 38
3 22
33 48
40 42
20 21
6 31
12 23
23 4
15 38
17 14
23 2
35 7
10 22
8 18
7 15
36 43
44 41
39 33
8 21
48 11
31 48
24 46
13 27
49 19
46 1
19 27
34 41
3 28
26 34
35 50
44 40
45 43
28 42
30 5
45 3
31 7
45 38
39 29
36 2
14 24
25 44
22 39
29 45
38 30
49 29
26 12
24 6
25 1
51 25
16 3
37 27
4 22
3 48
32 4
8 48
49 8
35 15
4 12
31 26
27 8
4 33
19 11
23 6
6 48
46 50
4 9
49 22
17 38
19 38
17 47
31 29
50 5
7 16
15 29
7 6
33 15
13 12
18 41
2 17
2 32
38 33
33 34
40 37
24 17
1 20
27 45
16 20
36 32
14 16
44 28
35 18
25 10
51 51
29 25
5 2
7 17
39 11
14 32
21 42
46 22
25 33
6 3
3 31
24 19
40 11
18 1
46 11
18 39
7 37
32 1
11 34
15 25
23 50
26 3
43 44
24 20
44 33
47 12
23 28
1 28
23 12
33 20
50 9
44 35
41 9
19 43
17 34
13 48
47 34
19 17
15 36
45 48
3 18
20 45
19 6
29 20
35 28
3 14
38 17
37 40
22 27
41 7
35 21
6 49
11 23
23 32
49 46
36 10
19 29
13 3
12 49
36 46
51 11
2 15
19 23
50 43
43 19
22 41
19 4
26 17
21 22
26 9
3 20
16 25
4 41
7 50
13 46
33 29
2 23
46 31
45 49
46 43
34 13
24 1
3 5
13 35
24 50
8 28
9 24
40 10
10 39
41 35
30 9
43 35
25 36
17 2
5 41
44 5
35 37
23 33
49 4
44 36
37 46
41 41
42 42
23 38
47 44
51 20
14 34
42 26
41 38
34 33
40 29
27 28
5 19
40 51
39 51
1 37
12 13
33 6
11 47
45 4
47 19
28 8
8 22
24 36
35 33
27 42
41 31
22 37
36 22
41 17
5 5
39 38
4 13
7 25
41 24
33 46
45 31
43 14
38 23
7 48
11 38
41 33
8 13
26 16
45 8
43 43
8 29
16 48
34 10
21 12
21 18
1 11
3 51
35 30
49 10
20 27
10 19
4 1
21 5
29 37
34 43
7 10
34 15
15 32
28 29
29 7
41 37
42 18
43 17
30 43
31 37
15 15
39 6
42 29
12 41
19 1
20 38
4 40
49 20
34 9
46 8
22 31
7 12
13 1
25 49
12 22
28 22
28 49
21 24
8 16
1 16
22 34
36 9
26 8
9 36
26 21
12 42
43 42
35 36
21 36
45 28
31 42
26 1
27 43
18 19
16 51
25 46
31 9
14 11
20 18
9 41
38 1
9 33
16 10
20 4
7 46
14 1
38 5
5 15
11 24
11 42
30 3
8 1
12 20
42 14
46 27
47 21
6 47
47 45
48 45
44 15
50 17
43 2
2 10
30 10
40 24
36 4
19 47
7 44
4 32
33 32
46 18
35 20
31 30
46 12
51 10
14 37
30 49
13 21
8 19
46 15
40 6
11 28
2 8
12 33
34 27
3 46
23 16
16 18
14 21
2 16
29 33
50 1
7 41
10 33
15 26
23 23
16 30
29 4
33 9
14 7
43 1
31 4
7 11
43 27
43 7
22 32
41 50
13 10
30 12
33 45
20 1
5 31
28 48
37 20
25 32
22 20
46 39
39 1
14 44
38 46
45 23
28 51
36 50
31 5
41 46
32 27
51 6
10 40
26 24
20 11
11 2
4 2
40 27
19 25
6 13
8 26
48 20
17 27
49 17
45 24
27 32
48 44
42 35
31 27
43 5
3 21
29 19
24 10
37 13
25 50
26 43
10 46
31 19
36 33
10 17
15 19
30 24
45 40
50 24
46 14
50 30
10 2
7 42
1 36
42 8
17 32
42 40
14 15
49 49
22 28
35 46
14 13
26 31
34 40
14 50
29 8
4 51
51 29
43 28
48 15
4 45
26 13
49 7
12 39
48 29
6 29
24 8
17 36
37 43
10 47
1 30
11 39
21 38
39 19
26 22
16 13
39 8
2 29
16 41
19 3
41 8
28 9
6 32
40 23
41 3
39 22
21 28
33 30
5 34
3 24
42 25
22 9
6 41
30 47
46 51
51 2
7 36
26 37
18 10
19 22
9 4
10 20
18 2
42 6
25 28
43 26
48 30
4 4
44 17
12 35
11 12
41 36
50 26
37 51
35 14
14 20
50 4
24 34
34 19
51 41
27 13
22 33
24 21
10 11
28 33
4 29
11 44
38 45
13 49
18 15
11 29
50 15
24 18
42 3
43 25
15 16
31 12
42 51
23 21
32 34
38 48
17 33
10 16
4 16
31 13
40 39
18 38
3 6
17 26
6 2
11 10
28 34
15 22
31 47
29 49
9 38
33 27
8 37
39 41
1 48
4 35
1 4
22 16
2 1
28 43
36 42
50 8
43 48
35 29
51 37
23 34
4 38
38 29
21 40
17 25
29 22
5 11
25 11
5 46
1 22
4 11
38 49
32 36
44 22
12 7
24 32
10 30
38 36
19 9
32 49
45 37
21 17
44 42
48 10
20 3
38 21
3 26
8 39
12 29
6 4
36 19
9 7
2 20
29 29
46 23
37 3
6 12
25 41
39 14
47 38
29 35
17 10
10 29
16 7
18 17
33 39
15 21
26 33
27 22
47 43
46 25
37 37
6 25
42 15
1 39
43 12
29 39
9 50
21 13
2 40
40 2
43 3
28 4
41 13
15 9
18 6
21 11
32 40
39 5
10 9
43 31
24 47
38 26
43 37
3 8
14 2
14 9
9 12
31 39
9 42
13 31
23 39
44 34
24 16
34 11
32 19
48 38
37 18
11 25
32 39
32 6
15 49
2 3
37 5
35 48
23 5
30 2
21 23
35 32
31 2
1 15
29 10
4 5
32 7
32 14
18 45
4 43
31 40
39 12
34 26
18 49
3 39
29 14
5 48
37 8
14 3
4 30
41 6
42 44
26 20
38 42
37 22
41 23
35 26
3 33
23 22
48 25
43 39
45 47
44 12
4 34
41 20
28 10
44 43
37 44
45 36
22 4
6 33
23 27
2 48
33 13
32 9
28 20
43 47
23 1
44 31
24 22
19 46
50 36
13 51
46 41
51 31
30 32
8 34
12 26
8 43
4 20
18 24
23 20
39 43
24 15
45 51
51 12
18 33
45 21
33 8
44 3
19 31
27 19
7 3
4 10
5 9
6 17
36 48
35 9
43 40
33 1
17 28
7 29
40 26
29 9
27 24
38 16
4 15
4 49
46 24
32 29
11 5
36 24
36 37
5 16
33 17
20 25
1 38
39 32
26 14
9 44
8 50
3 11
9 2
3 15
34 32
13 17
16 24
36 51
28 23
47 3
5 13
44 30
18 47
24 30
15 18
16 39
14 33
45 50
21 47
13 5
27 5
20 10
27 33
11 11
20 47
9 21
19 5
38 40
40 7
1 41
24 25
50 51
44 14
23 30
22 7
50 22
2 21
4 42
43 22
51 44
3 3
28 15
51 36
27 51
47 17
44 6
30 40
25 15
40 47
17 44
36 47
2 24
8 38
49 48
17 5
34 49
4 14
15 7
50 18
46 49
14 47
1 3
24 39
41 14
48 49
13 38
34 25
17 17
8 31
18 4
36 3
45 46
4 8
47 35
36 41
1 17
44 24
23 42
51 49
23 47
39 36
22 8
1 2
26 28
29 42
27 2
30 44
33 36
33 23
42 34
38 15
41 1
33 4
8 32
11 15
33 22
1 44
19 36
21 44
32 28
48 18
20 49
4 17
1 42
44 45
30 16
3 1
30 37
46 21
5 37
45 41
19 40
32 50
35 4
24 12
4 36
11 27
7 24
40 18
22 5
14 17
14 42
37 28
10 3
20 5
49 42
10 32
36 12
20 29
4 7
22 49
48 17
3 9
28 44
22 22
29 17
45 30
24 4
30 41
36 30
5 22
43 15
46 2
29 32
44 38
5 26
22 50
7 31
36 25
5 43
49 16
44 1
4 28
51 8
4 21
39 7
6 50
38 27
27 41
40 4
37 39
6 40
30 38
1 33
51 9
14 5
15 48
25 8
8 15
50 42
27 29
45 17
13 30
23 43
3 16
6 16
39 2
51 50
8 49
22 29
18 37
18 21
4 3
44 16
38 51
8 14
40 33
24 24
2 13
9 22
16 8
20 19
51 7
41 45
17 1
15 46
38 37
49 9
23 49
37 31
44 49
33 10
24 44
42 12
32 23
1 26
22 24
19 10
15 50
10 13
28 45
48 31
14 48
47 23
23 40
12 45
46 26
23 36
6 11
3 7
16 17
51 15
34 23
24 14
16 21
30 26
10 38
47 7
8 46
25 30
47 46
47 32
29 1
42 31
7 9
48 43
24 13
6 43
4 46
31 45
2 39
46 9
44 29
8 51
22 44
9 20
39 34
49 35
37 26
7 22
44 4
34 36
41 44
16 50
33 5
35 40
42 21
11 51
37 50
49 40
5 38
23 24
6 37
20 23
20 31
15 28
3 25
19 41
11 35
25 39
40 50
21 49
26 40
1 10
44 11
48 9
15 39
32 47
12 21
43 18
25 47
30 28
24 45
35 24
26 29
30 13
19 8
34 17
11 14
25 12
24 49
24 23
43 50
11 30
11 36
23 14
43 51
51 19
35 13
37 25
40 1
4 44
24 3
45 39
11 40
15 4
16 11
31 3
14 23
25 5
36 21
30 4
51 38
16 15
10 27
28 47
29 3
12 12
11 4
18 30
21 19
39 28
15 41
31 14
32 2
49 18
51 35
5 40
42 39
27 48
48 50
2 49
20 28
14 25
48 5
33 38
32 25
32 18
42 48
41 48
3 29
20 8
12 34
48 46
37 12
21 39
16 49
17 30
25 16
44 13
37 11
21 37
50 6
5 33
17 40
47 2
47 49
49 31
25 22
51 43
5 30
20 33
7 8
44 25
49 13
31 6
31 51
28 7
18 23
7 35
49 39
36 35
45 16
38 24
35 10
33 24
46 20
2 25
11 7
10 23
15 40
42 17
34 6
37 2
4 47
40 22
51 42
11 32
46 16
12 36
47 26
17 29
41 32
44 39
47 6
32 31
23 10
8 42
35 23
29 43
2 28
27 20
43 41
38 19
25 6
34 1
21 29
11 19
20 9
36 34
38 44
38 8
32 51
47 42
8 11
30 15
31 44
7 30
31 10
7 32
10 14
1 50
51 47
34 48
15 45
19 14
16 32
10 37
51 40
43 11
11 9
46 37
11 8
16 4
13 42
45 6
2 18
44 2
31 28
9 34
43 45
16 23
32 21
48 24
28 19
21 34
25 17
26 2
48 12
37 42
51 32
45 33
18 14
8 3
15 20
5 51
16 9
37 33
3 43
13 6
9 39
12 46
40 31
11 20
17 37
12 37
14 4
28 18
39 42
24 42
12 16
35 49
12 32
23 48
12 27
44 20
14 43
23 44
38 34
3 4
40 20
41 4
22 23
5 45
15 33
5 10
46 40
49 37
34 16
26 25
33 47
46 33
39 45
6 8
48 39
40 35
1 9
47 31
1 25
31 31
15 2
25 19
23 18
44 7
16 35
24 2
2 45
35 22
39 31
49 21
38 32
51 4
7 1
38 12
43 30
35 47
49 23
17 31
3 45
36 36
15 6
35 45
23 9
50 46
23 15
5 49
25 43
34 22
15 11
13 7
18 12
47 14
27 10
20 7
39 26
22 43
17 19
51 30
34 44
19 51
17 51
20 40
36 17
18 32
34 12
12 10
31 32
3 36
36 11
8 2
14 40
6 24
42 46
20 46
6 30
14 22
11 31
31 43
35 44
2 9
32 16
11 22
35 12
12 4
46 42
8 36
44 37
37 21
37 30
51 23
25 2
9 27
21 48
16 45
40 13
50 35
37 9
19 30
31 1
24 38
33 37
48 36
35 5
19 12
44 32
4 50
37 14
35 31
41 47
5 32
13 4
50 45
51 22
3 13
48 3
47 51
38 20
33 21
24 51
51 13
7 39
28 27
48 26
38 7
47 28
1 19
42 20
48 8
47 1
39 44
30 50
28 40
42 45
36 39
16 2
41 28
5 14
19 48
3 17
48 34
13 16
16 27
9 11
4 18
16 22
10 24
33 44
2 51
45 20
38 41
27 37
43 38
1 12
40 17
42 13
8 27
44 19
38 9
3 40
46 10
13 50
19 37
29 38
30 46
35 8
40 36
22 35
2 22
16 29
34 31
25 42
34 24
29 27
15 8
10 8
32 45
42 50
27 9
21 7
32 38
47 25
26 10
12 2
46 36
25 31
35 3
12 31
20 30
10 5
36 23
21 21
50 11
47 33
10 48
27 18
40 34
37 16
10 10
11 13
30 21
27 14
