61
24 46
1 61
30 13
2 60
42 31
3 59
57 23
4 58
9 32
5 57
42 22
6 56
28 33
7 55
4 29
8 54
4 43
9 53
36 47
10 52
12 35
11 51
54 5
12 50
25 30
13 49
26 31
14 48
7 15
15 47
27 60
16 46
57 55
17 45
14 36
18 44
46 54
19 43
24 27
20 42
55 48
21 41
50 48
22 40
12 30
23 39
15 3
24 38
24 44
25 37
4 32
26 36
4 28
27 35
13 59
28 34
38 54
29 33
49 19
30 32
13 58
31 31
49 4
32 30
28 1
33 29
27 21
34 28
60 57
35 27
12 52
36 26
3 47
37 25
20 40
38 24
47 55
39 23
54 27
40 22
13 11
41 21
51 36
42 20
57 41
43 19
45 57
44 18
2 3
45 17
7 38
46 16
36 25
47 15
56 57
48 14
41 46
49 13
49 10
50 12
4 17
51 11
59 33
52 10
8 41
53 9
49 9
54 8
44 40
55 7
30 53
56 6
16 51
57 5
9 30
58 4
16 34
59 3
61 47
60 2
32 8
61 1
37 54
30 41
55 14
23 24
31 19
51 22
9 35
27 23
29 46
7 33
23 51
41 10
50 7
45 38
59 22
55 12
44 48
50 55
37 18
20 59
59 5
15 40
40 27
15 52
17 11
19 19
56 44
39 6
27 34
51 23
39 61
56 48
39 46
43 4
26 51
33 54
38 12
32 32
12 33
12 28
18 4
13 45
50 5
6 30
23 13
30 27
19 12
13 22
7 5
17 33
25 44
60 4
6 5
22 39
18 39
35 35
16 42
30 49
44 17
7 49
2 35
52 14
53 36
20 45
22 9
54 16
38 42
61 56
54 52
15 61
55 1
59 27
26 17
51 57
34 46
53 41
55 39
40 19
53 38
20 52
6 22
20 8
58 29
23 36
48 58
51 52
39 41
54 25
15 10
7 61
52 50
51 25
10 40
26 27
27 37
58 61
49 15
24 42
1 57
10 7
20 32
14 44
19 37
60 6
38 8
45 61
49 14
32 58
46 38
22 43
54 3
50 13
61 13
45 3
46 5
41 35
31 51
54 60
18 52
31 45
6 29
23 56
54 57
34 27
53 58
20 27
53 26
9 29
33 39
6 36
45 8
47 9
17 18
55 50
35 15
21 34
50 8
42 42
41 41
57 48
23 6
3 6
46 33
38 3
12 11
2 11
50 43
45 5
47 46
6 2
57 46
49 20
18 13
29 55
21 3
56 24
59 36
43 35
27 19
27 24
50 3
44 15
22 46
4 9
22 41
1 35
32 27
51 34
18 55
2 9
36 38
46 39
50 1
51 16
39 34
9 61
14 31
13 53
42 50
22 7
32 10
52 30
36 50
48 42
9 58
11 37
25 23
53 53
17 5
18 33
42 53
41 27
16 44
16 1
7 34
4 6
10 55
15 39
59 4
13 6
23 31
55 59
29 41
9 2
30 39
49 60
7 40
22 58
23 27
28 22
38 53
22 2
52 22
41 37
58 51
21 2
32 60
4 34
19 44
20 16
24 7
20 41
22 18
56 15
3 40
48 5
28 6
32 17
52 26
32 16
39 59
27 5
43 26
52 34
27 12
19 8
39 45
51 45
6 44
46 1
11 12
60 50
44 42
55 5
5 30
41 45
55 47
19 30
19 21
29 13
55 25
58 39
30 23
18 35
5 45
39 38
47 7
17 25
42 12
40 41
59 34
40 38
55 57
9 60
26 61
10 59
55 55
21 48
33 24
56 3
58 38
11 58
52 18
30 1
23 54
21 52
59 40
10 31
55 11
19 55
41 39
29 38
32 7
6 34
53 21
7 29
60 3
40 33
48 47
34 30
48 8
9 44
23 20
21 6
9 3
20 31
4 51
25 39
48 32
13 32
45 59
50 38
42 47
39 42
57 29
47 27
49 21
3 31
20 21
24 14
20 53
14 56
40 21
5 49
37 9
36 30
45 45
47 39
34 37
15 24
54 49
36 22
32 48
31 59
17 27
19 33
42 17
59 56
58 35
22 8
37 29
26 34
60 45
48 15
21 21
22 56
43 25
55 4
9 55
14 54
42 54
23 37
1 10
54 36
47 60
25 26
32 6
51 27
50 44
37 48
32 50
15 18
20 55
10 38
3 12
31 49
7 14
54 43
58 27
17 20
59 9
13 27
16 41
21 31
29 22
24 36
48 33
27 36
25 53
58 1
53 32
20 24
34 38
9 22
45 32
19 54
28 52
10 53
15 29
58 6
59 58
8 15
35 9
46 45
11 25
37 55
8 10
59 8
30 30
3 43
35 23
56 7
2 37
31 11
18 6
28 9
53 8
26 40
27 50
34 36
34 13
26 30
46 48
2 47
4 40
42 26
33 34
22 42
60 16
33 28
28 4
25 6
47 31
29 54
44 59
47 30
10 43
35 37
60 1
14 55
20 36
26 58
14 51
8 49
31 25
61 3
25 58
46 13
8 21
31 27
3 32
34 56
48 56
32 29
38 5
14 6
35 6
39 50
27 49
32 49
13 43
59 25
31 61
52 12
38 51
21 33
21 12
17 26
25 2
28 28
42 57
37 12
57 58
25 42
23 59
31 52
55 41
26 56
52 39
37 13
40 31
36 21
12 2
35 58
11 6
2 4
38 36
35 19
60 14
40 52
40 44
23 10
2 25
44 4
21 40
57 15
30 51
42 18
9 33
11 28
11 11
49 43
56 32
1 13
15 11
12 45
42 61
28 46
11 33
49 7
37 26
34 41
35 49
44 3
60 29
47 52
26 21
24 49
43 48
56 56
48 37
31 1
14 8
17 60
56 53
36 6
35 10
10 41
41 38
15 35
20 20
2 1
36 49
40 37
5 53
51 48
44 35
25 31
35 47
6 25
10 2
3 3
12 6
27 25
44 60
37 60
22 15
31 4
37 22
2 5
42 59
2 61
30 8
61 30
13 21
60 33
3 5
15 21
9 18
53 5
30 16
8 16
41 51
48 28
38 28
46 37
7 31
19 13
8 26
17 10
54 51
37 10
30 54
17 2
25 45
18 49
58 37
45 14
34 39
33 18
61 44
40 16
31 46
53 49
52 57
34 59
16 49
4 4
39 15
38 40
19 11
36 52
53 19
17 46
1 1
22 17
11 32
59 52
58 10
30 28
12 20
24 10
30 37
40 45
35 24
46 40
57 54
24 21
28 53
8 34
58 54
2 29
21 13
54 39
24 60
57 53
34 2
61 9
35 38
29 25
37 38
27 28
57 49
28 44
12 53
46 9
31 20
21 10
13 8
28 8
43 1
60 19
41 6
27 51
36 16
43 41
2 15
21 43
56 9
31 6
35 42
55 21
35 25
16 3
61 14
19 38
21 27
31 37
49 50
3 55
51 30
52 46
2 55
24 23
33 60
58 2
11 45
43 15
30 7
43 40
32 23
26 59
23 43
54 2
55 30
34 1
51 41
18 24
3 28
7 35
41 20
55 61
50 26
10 17
29 11
55 58
10 30
27 57
9 31
28 16
20 26
7 24
33 21
50 14
9 39
41 55
26 9
29 49
45 56
37 17
33 43
25 15
33 46
29 5
37 53
59 23
15 22
3 52
25 13
25 7
30 4
58 16
9 14
17 8
32 61
16 57
6 14
7 39
60 52
43 22
6 27
1 20
43 33
61 23
32 43
15 46
36 20
6 7
8 53
45 58
25 51
54 28
21 32
4 42
41 53
1 36
61 12
24 9
49 23
38 41
5 41
5 46
45 50
11 40
13 57
34 15
2 19
45 39
58 14
36 23
30 26
41 42
59 51
40 43
38 20
12 9
13 31
40 14
61 24
56 4
5 58
3 53
7 48
47 40
15 43
16 61
26 52
47 14
29 26
40 34
44 22
11 47
50 21
45 24
59 17
33 49
41 12
10 42
24 51
53 59
16 43
55 19
47 48
51 51
55 28
61 18
36 4
56 31
46 59
4 41
2 43
36 3
56 12
2 10
9 23
42 27
54 22
35 39
6 50
2 56
28 56
4 12
45 15
17 6
55 49
55 17
26 2
30 56
38 39
39 39
44 39
48 46
21 24
16 31
56 27
27 46
9 27
55 8
10 27
49 17
4 56
33 6
58 3
5 38
40 8
51 21
27 32
7 22
2 28
32 51
57 50
58 53
40 26
13 34
51 59
11 60
43 12
30 15
1 51
34 45
55 52
19 36
59 44
10 28
37 44
54 44
47 28
23 55
21 38
9 41
61 33
40 5
25 3
56 20
12 24
12 7
36 39
19 49
39 5
53 40
1 23
32 19
47 4
43 59
12 5
59 46
29 47
59 26
58 23
57 35
27 47
5 33
22 4
54 32
12 27
35 32
54 19
51 39
26 57
19 7
33 37
57 39
32 40
27 17
50 6
11 43
52 61
49 38
1 11
53 31
42 5
19 60
28 41
10 61
58 19
46 24
24 57
51 33
20 15
46 23
29 58
16 17
22 16
1 54
47 44
46 15
53 23
12 16
60 11
19 5
55 3
50 27
18 56
7 32
56 26
54 56
7 57
56 11
10 14
17 39
37 28
35 16
39 8
48 26
51 13
16 58
44 45
1 37
29 45
11 26
15 51
22 28
6 9
29 4
9 45
8 61
9 34
57 13
55 29
35 2
60 7
43 45
3 36
50 16
24 31
3 33
36 58
25 29
31 22
50 42
3 48
27 45
49 31
11 15
48 41
59 37
19 28
15 25
18 50
13 39
12 25
22 6
12 26
42 55
58 9
9 5
29 20
36 41
38 34
15 58
37 30
47 22
20 10
36 29
51 53
10 11
23 3
11 4
38 18
11 42
27 7
48 50
29 43
57 51
7 41
39 16
37 32
47 37
50 45
24 20
45 55
57 36
54 6
52 11
48 53
12 23
49 37
18 22
31 54
26 37
17 9
54 37
27 38
40 59
35 43
8 42
61 55
28 43
44 13
34 57
56 51
59 16
60 61
26 8
52 45
33 12
55 20
19 29
42 38
26 48
60 9
51 14
57 4
44 2
56 37
23 33
36 5
55 53
43 38
18 29
36 24
14 41
7 17
60 42
35 1
46 30
34 24
29 57
30 10
41 8
43 28
13 12
11 2
56 2
34 53
4 44
30 17
53 54
12 4
38 46
27 55
15 32
29 27
27 13
27 48
2 20
13 20
8 45
40 60
23 42
41 43
57 19
38 11
5 3
8 50
13 54
42 48
23 15
34 50
26 10
19 20
7 21
37 37
59 7
35 30
58 11
49 48
8 13
36 35
18 21
6 52
18 41
44 44
8 22
55 54
51 18
20 57
17 61
24 17
38 35
31 48
18 20
39 54
48 29
28 38
21 7
22 14
5 11
52 41
46 57
31 9
49 12
58 57
3 27
32 2
1 58
11 59
42 21
54 20
37 43
16 35
36 45
12 15
28 5
54 40
19 52
15 17
41 28
24 2
50 49
7 30
18 23
16 50
59 59
20 23
5 8
26 39
34 34
47 21
14 42
59 50
51 15
60 41
45 1
53 47
57 14
60 23
6 46
9 8
10 50
32 9
3 57
41 33
50 28
7 23
47 53
18 3
32 59
34 55
17 30
8 4
10 32
26 26
35 26
1 59
15 8
16 20
26 47
14 29
1 4
57 38
53 16
20 38
44 38
10 3
19 26
18 5
2 54
24 5
35 45
8 29
39 49
30 48
15 15
37 42
29 7
8 58
31 5
44 53
47 45
46 43
14 13
25 40
41 5
1 44
28 3
19 14
24 1
28 48
39 53
45 27
22 52
59 38
50 58
37 14
57 11
37 2
60 38
58 34
45 47
49 3
52 20
46 10
50 17
47 36
60 58
7 7
45 51
15 23
3 20
25 27
42 46
58 40
3 9
37 58
43 60
39 47
24 61
11 3
47 11
25 28
27 53
25 24
16 28
27 20
22 47
58 28
22 29
10 19
18 16
38 32
16 54
9 59
46 14
19 22
24 45
47 8
5 21
47 34
23 29
55 27
28 27
29 48
4 22
43 52
8 17
58 44
26 35
53 39
33 56
19 61
31 10
24 13
5 39
41 50
43 20
11 55
8 40
21 8
38 25
30 29
3 7
5 16
25 20
60 35
52 8
51 24
16 45
40 23
34 35
33 2
27 16
4 35
3 51
55 23
53 15
7 45
56 47
2 21
53 30
20 28
60 30
14 49
5 1
44 9
52 55
54 38
61 42
14 52
46 46
3 30
30 43
43 16
46 26
34 17
17 4
58 31
28 2
19 39
30 31
35 28
29 56
11 41
28 36
60 24
3 42
46 34
55 38
27 14
36 9
8 39
21 36
31 32
1 56
26 54
23 38
13 5
23 28
9 17
50 24
20 61
37 45
14 26
47 26
33 13
20 3
22 11
11 7
34 4
24 15
58 33
60 31
49 35
36 55
49 8
16 53
34 7
48 49
59 61
48 10
32 53
36 8
56 39
48 7
58 52
52 25
57 31
16 2
18 43
50 50
49 28
34 9
4 46
57 3
47 57
51 58
26 3
42 43
33 35
51 43
46 3
52 27
3 60
3 21
38 58
12 54
21 14
54 34
4 38
55 2
47 54
14 21
48 18
28 26
24 25
20 17
49 18
59 15
29 37
41 40
12 37
21 11
21 29
58 59
45 26
15 7
26 16
53 60
27 40
7 59
41 52
12 31
6 45
45 33
37 61
26 7
8 31
14 19
45 13
57 40
28 61
7 52
37 36
30 38
1 21
39 12
47 41
57 6
29 31
22 34
18 58
5 19
51 38
19 16
39 28
44 61
39 58
16 55
47 13
47 3
43 51
22 1
41 29
14 37
4 20
23 40
51 10
14 2
17 21
6 47
48 24
49 52
15 57
37 47
55 46
53 11
61 54
27 27
20 49
3 22
59 2
7 1
51 2
7 13
61 5
8 1
57 47
29 40
20 13
57 24
34 16
19 59
61 46
15 6
46 27
50 34
40 3
21 35
39 1
4 49
39 24
10 47
60 60
25 54
36 59
47 50
46 42
61 10
58 22
4 19
7 6
9 25
37 7
36 15
6 49
61 11
32 47
42 7
15 55
20 54
28 47
25 32
43 42
31 56
29 61
34 8
28 17
47 1
61 32
6 19
6 15
9 6
20 48
52 5
18 30
29 1
33 20
52 1
44 23
11 10
43 17
32 38
17 19
44 6
57 22
1 40
17 44
17 58
43 3
29 42
56 49
1 45
17 17
44 49
30 57
36 33
33 38
18 9
4 31
53 37
56 38
45 49
17 7
34 58
23 60
36 18
56 19
5 50
19 6
28 23
15 34
12 55
26 5
5 55
20 19
28 18
48 36
57 43
35 57
36 36
13 35
50 31
39 35
60 28
16 15
26 25
14 9
7 58
39 19
6 60
13 25
19 2
27 33
34 33
6 10
9 24
15 33
48 17
23 47
37 5
42 1
45 10
51 5
14 4
15 26
1 39
56 17
46 36
37 11
2 30
8 28
61 16
3 37
59 35
1 31
50 54
40 15
35 31
6 18
33 36
24 3
26 6
11 34
17 15
22 27
26 29
27 9
4 21
48 38
19 4
40 61
43 13
31 39
23 4
28 40
28 21
1 22
4 18
35 59
31 26
39 32
34 5
34 60
61 57
57 16
61 41
14 11
57 32
48 9
16 8
55 35
12 21
18 15
56 5
25 55
59 30
34 25
5 27
52 35
60 20
14 15
17 54
39 27
7 60
42 58
58 20
49 46
22 45
1 24
44 56
35 5
51 28
52 60
6 38
1 26
61 20
55 40
10 60
22 61
12 49
12 59
23 46
33 42
5 12
54 7
16 14
13 19
41 15
37 3
48 4
3 11
52 2
34 43
38 4
38 22
30 5
6 39
12 44
45 19
12 41
33 23
30 44
33 3
16 19
47 47
25 46
3 44
60 12
44 11
56 16
20 56
26 55
52 16
50 39
19 57
18 7
2 38
50 40
6 57
50 51
30 33
32 34
2 23
51 61
42 25
6 32
53 52
10 20
40 35
36 56
21 60
33 40
59 31
54 1
10 39
38 49
54 24
12 14
19 34
28 15
38 19
45 11
22 33
13 40
15 9
58 18
15 5
59 10
37 19
36 40
56 55
14 60
50 9
17 1
22 48
33 48
43 54
18 32
33 26
51 26
51 40
23 53
57 18
11 44
16 30
51 49
3 56
53 45
12 48
42 51
30 40
31 53
57 42
51 42
59 19
59 43
50 15
23 61
11 53
5 37
47 18
13 23
22 20
18 38
25 5
18 8
25 57
11 30
9 15
11 5
49 5
44 34
55 16
5 4
4 57
54 53
43 9
40 12
8 12
9 48
22 35
12 22
1 27
20 18
33 33
47 12
49 54
45 48
46 31
61 7
16 24
53 6
47 10
43 58
55 33
24 26
51 1
20 29
14 10
59 14
44 58
35 29
27 44
54 46
18 34
38 10
19 45
17 14
4 30
35 11
52 40
22 37
36 7
2 13
47 51
19 48
35 50
43 27
5 54
1 38
42 16
1 3
29 16
41 57
61 52
20 1
30 22
57 60
1 29
1 43
17 34
52 19
38 17
21 17
21 5
53 22
19 46
60 49
49 6
6 11
36 54
31 23
36 12
31 17
27 61
8 2
6 16
51 47
2 8
46 22
5 59
14 39
12 13
45 36
50 46
32 35
31 42
59 48
7 3
18 19
53 27
36 34
20 14
26 41
8 38
1 55
53 18
14 3
9 49
28 11
2 32
38 27
43 5
14 7
8 35
14 30
48 43
30 3
48 23
42 36
53 12
34 3
1 30
17 43
54 45
56 25
28 35
22 30
8 27
18 40
39 3
52 28
25 11
8 46
48 21
56 28
32 18
50 37
41 59
54 61
30 36
2 39
24 41
1 42
49 49
61 22
14 12
48 35
40 56
18 57
8 47
7 56
39 36
13 7
52 3
21 25
45 25
8 52
59 1
60 48
16 25
60 10
11 21
34 61
43 10
59 47
43 14
45 53
37 33
42 8
61 61
37 1
46 50
3 25
36 10
52 31
56 23
43 29
17 57
46 18
54 30
16 32
18 17
19 9
21 16
48 12
13 2
16 11
7 27
57 9
61 6
47 33
53 44
14 58
35 13
25 50
33 44
60 15
2 17
6 17
58 56
30 58
24 37
47 6
11 38
7 43
56 60
3 50
14 28
3 13
61 40
47 20
46 51
9 21
51 60
57 52
13 55
31 7
35 54
2 14
17 32
24 28
31 15
10 33
24 55
35 48
47 23
33 19
16 23
58 50
24 58
57 28
52 13
19 1
5 36
11 13
44 50
41 11
10 54
10 37
27 42
45 40
25 19
56 54
46 12
49 32
32 39
14 40
41 25
18 36
49 29
41 60
49 41
51 32
26 4
25 25
38 57
24 19
22 36
11 24
49 51
35 7
22 54
38 47
46 17
33 45
60 40
49 55
8 6
29 9
39 20
33 52
49 26
43 43
46 6
54 11
33 5
17 3
1 19
28 37
5 23
6 4
18 47
42 10
3 41
53 57
50 32
31 33
29 30
37 24
55 15
44 20
49 34
27 39
2 2
41 31
9 28
23 19
48 1
61 28
5 32
51 8
20 33
32 4
45 12
13 1
31 34
22 13
37 51
27 52
36 57
17 47
44 41
18 59
61 45
48 2
59 55
6 1
5 31
26 28
41 7
37 49
18 51
40 17
4 53
8 5
3 49
14 1
5 29
24 35
58 5
15 45
31 21
29 36
39 13
43 37
7 19
5 44
20 46
59 54
32 20
31 41
1 52
32 14
52 7
46 60
47 32
21 30
25 9
7 47
30 59
3 39
38 29
6 48
35 56
50 25
7 18
14 17
18 53
9 47
21 50
46 20
32 44
17 40
55 10
13 33
35 36
36 43
59 49
2 59
34 11
54 31
31 28
60 34
25 14
1 47
23 52
20 12
42 11
2 12
13 18
9 19
20 43
27 58
60 13
43 46
54 48
28 50
37 8
15 27
49 1
20 4
11 57
6 43
19 51
43 18
5 2
54 29
32 24
15 54
6 6
32 3
34 10
35 46
3 8
28 19
4 54
14 22
48 40
42 19
17 13
38 50
23 35
54 55
39 10
53 33
23 8
4 55
16 4
3 54
51 56
16 26
40 36
48 61
2 26
1 46
25 60
21 53
39 57
24 56
48 22
11 16
43 6
19 47
33 9
61 8
45 31
24 8
19 42
52 42
56 13
12 43
24 39
29 8
4 2
26 24
12 57
16 33
56 18
61 35
28 13
13 50
38 33
16 6
60 44
36 13
31 18
46 25
31 14
12 51
44 10
45 23
1 6
31 36
55 26
54 4
5 25
24 32
29 2
30 24
52 36
37 41
11 1
51 12
11 8
45 44
18 45
58 24
2 52
60 25
44 1
6 26
32 21
28 39
54 14
18 60
23 57
47 17
37 27
55 44
7 8
29 52
50 2
52 23
40 58
9 1
17 28
50 29
16 60
6 54
38 2
61 48
59 24
6 35
52 4
61 15
27 31
11 23
3 61
13 17
27 1
33 41
4 10
43 44
58 8
31 30
4 50
5 17
7 26
49 24
51 4
23 45
14 46
3 45
1 2
7 20
6 23
7 16
26 50
53 2
52 53
2 7
41 26
21 28
37 34
41 18
59 57
24 6
30 46
10 4
12 42
60 36
15 28
49 2
15 30
54 9
14 27
25 49
42 24
11 48
8 30
55 32
54 35
54 26
11 18
40 32
22 24
53 24
33 10
35 34
45 41
1 9
8 14
21 39
46 19
28 45
39 56
55 43
19 23
42 13
47 24
38 45
19 24
5 40
42 14
56 61
41 22
44 14
40 57
35 55
41 32
7 11
28 12
40 47
16 47
13 56
33 16
58 41
52 33
37 59
10 26
6 33
18 18
21 47
6 8
41 13
39 21
37 6
18 1
4 36
43 32
55 42
40 50
21 1
39 37
46 7
34 40
10 8
29 3
13 29
45 28
55 24
56 8
29 53
40 51
35 12
26 49
56 42
45 9
47 61
51 17
23 48
3 35
28 24
45 34
14 24
6 21
48 57
23 12
38 52
39 22
57 1
15 13
56 50
1 28
58 48
52 38
56 1
11 27
15 16
44 30
35 61
49 56
20 25
38 13
26 19
3 29
40 55
44 51
25 21
14 53
47 5
11 46
58 32
12 60
23 21
33 57
12 18
6 20
27 3
44 7
18 28
50 30
46 32
55 9
60 46
50 20
12 40
53 4
45 6
51 31
16 48
47 56
21 37
9 26
61 4
47 58
13 4
17 12
4 15
36 28
5 35
59 41
22 23
26 15
42 35
50 36
10 44
19 40
59 32
41 16
40 28
3 16
58 13
10 51
29 35
10 10
17 49
4 14
54 13
19 10
44 46
56 40
13 15
42 4
14 35
26 60
52 24
25 1
35 60
37 21
24 24
28 29
61 60
10 58
12 1
36 27
41 23
48 60
20 22
35 4
40 48
18 25
14 57
50 22
20 44
53 10
46 55
15 2
25 34
14 18
54 10
10 12
61 36
40 42
59 20
31 43
1 53
48 16
23 14
15 41
5 22
45 43
23 41
14 5
45 54
17 55
23 30
3 38
5 52
21 56
26 23
25 12
13 10
25 48
15 42
55 6
32 33
25 33
24 22
13 60
52 44
32 45
37 16
30 50
48 27
28 30
5 24
6 13
47 49
34 12
25 22
7 37
57 34
39 40
8 24
7 44
18 42
9 46
41 61
27 11
1 17
21 23
7 28
7 53
40 6
42 37
9 9
53 43
25 16
44 27
61 25
16 22
43 53
43 24
52 21
35 33
35 21
6 12
56 35
12 39
22 57
53 34
57 57
60 59
55 31
3 10
20 60
44 28
48 54
44 19
49 30
35 52
22 59
52 37
12 46
31 2
31 16
60 39
11 22
8 55
10 25
10 45
19 53
44 57
32 22
59 39
27 8
8 23
35 44
58 55
41 9
2 31
51 3
12 8
26 45
17 52
22 49
23 1
59 45
30 34
3 46
43 21
5 6
57 30
45 46
41 3
32 52
6 3
29 24
9 57
50 52
51 37
10 48
38 23
27 6
56 29
36 44
46 28
31 8
13 51
5 9
50 19
23 11
30 61
58 7
43 31
29 39
61 50
31 3
25 36
15 59
39 17
5 26
27 30
16 39
41 2
4 3
57 17
11 31
10 24
28 42
51 55
16 7
1 33
59 11
26 12
30 42
46 56
29 18
22 55
51 29
56 14
48 31
48 34
16 38
49 27
58 12
34 22
16 59
36 14
21 49
43 61
31 38
40 7
45 22
48 25
29 17
33 61
55 13
5 43
12 19
30 25
32 12
44 55
44 54
23 44
12 36
34 20
39 11
59 53
12 32
16 9
1 18
28 14
25 10
60 47
58 49
59 13
15 49
42 56
2 45
21 51
46 44
53 25
44 24
6 41
2 24
48 39
19 35
42 33
50 56
30 35
41 1
13 38
21 4
25 38
33 30
40 24
22 26
18 10
54 15
46 41
12 38
19 32
30 12
10 6
15 48
8 7
1 50
38 6
10 1
43 56
55 56
46 8
24 40
6 61
27 41
36 2
58 15
54 54
18 12
3 15
29 15
58 60
28 25
36 37
9 4
61 2
36 48
31 40
60 54
50 18
55 45
13 30
40 10
10 29
2 18
39 33
21 57
7 12
42 9
43 8
30 52
2 53
38 14
50 57
38 56
52 43
4 7
53 35
27 10
61 17
24 59
44 36
2 27
32 28
21 20
61 59
50 60
37 15
38 26
6 58
42 34
43 39
56 30
34 6
49 59
43 30
2 44
4 8
61 43
22 50
33 55
4 60
60 56
45 60
45 42
32 57
36 32
60 55
11 20
32 11
24 16
47 42
43 47
33 8
17 35
5 42
8 20
7 10
51 54
42 2
10 15
45 16
15 44
33 51
44 8
21 9
49 44
30 9
59 18
41 49
7 50
29 51
13 37
41 58
30 2
8 9
9 10
52 6
49 40
58 26
52 15
30 18
7 36
18 37
44 29
9 51
36 51
20 39
56 45
23 50
50 23
2 22
40 46
56 59
46 47
5 14
41 17
31 57
44 32
11 49
49 58
37 20
58 21
17 53
52 58
39 9
61 26
2 16
16 40
36 31
15 12
11 14
14 23
4 48
32 36
44 31
14 45
7 9
59 42
9 11
8 11
19 58
26 18
1 60
32 54
14 25
13 52
32 1
51 20
36 1
39 44
4 16
11 29
9 52
5 10
26 32
17 37
21 26
37 40
26 43
36 60
54 50
32 13
48 51
18 54
59 28
9 50
17 24
1 8
8 60
17 22
43 55
22 53
47 19
61 38
24 43
46 21
15 53
57 45
37 56
42 28
21 18
28 32
50 11
54 23
59 29
58 58
16 13
28 58
45 37
17 50
9 38
9 43
34 23
10 18
41 34
60 51
38 37
7 54
24 18
57 37
29 28
2 6
14 34
53 20
7 46
9 40
31 60
8 59
22 38
48 45
61 27
23 32
58 43
35 14
54 21
12 17
29 19
46 11
41 54
15 20
4 39
10 5
6 59
34 44
12 56
53 28
35 17
17 48
26 33
11 17
34 19
52 47
32 41
12 29
51 35
22 22
8 19
27 29
5 51
56 22
1 48
23 7
38 7
31 29
47 38
13 42
48 48
50 33
52 54
45 2
34 54
32 26
39 51
20 47
16 16
53 7
49 57
21 59
8 57
21 42
29 29
34 31
50 10
33 7
18 2
52 51
6 31
9 20
58 25
19 50
59 21
25 59
5 5
31 50
25 35
55 37
33 22
39 43
10 56
16 21
5 60
5 47
31 13
13 28
59 6
49 36
13 26
2 33
17 29
54 12
30 55
34 47
34 32
16 56
40 13
37 31
56 52
1 16
35 22
11 35
1 7
40 39
28 20
4 26
9 12
53 48
52 49
4 37
21 19
58 47
49 47
23 26
3 14
14 47
57 33
25 47
8 37
22 3
13 48
28 31
49 42
16 27
61 37
4 25
19 15
42 15
14 61
44 12
35 41
39 29
21 54
60 5
53 46
11 61
61 29
38 60
6 24
22 5
33 27
38 15
5 18
42 29
22 12
15 36
53 3
29 44
34 26
60 43
48 13
20 5
3 19
9 7
19 27
23 23
25 8
4 13
41 14
10 36
38 44
47 2
53 56
28 54
27 56
55 60
13 24
35 18
15 14
43 50
40 20
9 54
46 53
56 34
48 59
37 57
11 19
42 32
39 55
29 10
29 34
2 40
35 8
54 58
48 11
49 61
5 7
17 51
52 48
8 33
4 45
5 15
3 23
46 49
45 30
24 30
38 31
38 21
26 1
21 61
46 2
22 44
37 39
14 32
26 46
1 41
37 46
49 45
60 21
11 56
39 25
10 9
61 31
42 49
6 53
12 47
30 11
14 50
12 34
52 17
35 3
57 44
1 25
57 10
44 43
42 30
53 29
30 6
57 7
17 42
8 48
4 33
29 59
8 36
29 50
57 26
13 14
10 22
3 58
40 11
17 31
20 51
53 14
26 22
22 10
3 26
42 44
1 34
41 36
57 25
15 19
42 6
29 14
1 49
24 48
10 13
47 59
5 48
48 52
44 33
18 14
40 29
4 23
17 23
41 48
25 61
34 21
17 41
5 13
22 32
41 47
18 61
15 4
45 7
51 50
39 52
2 41
39 14
42 40
5 56
44 25
36 42
3 18
24 34
24 50
61 39
37 4
24 33
50 4
37 23
7 42
10 46
29 23
26 42
10 57
7 25
47 29
20 7
57 20
13 13
32 31
30 14
49 16
53 42
44 21
57 2
53 61
42 60
15 37
27 18
46 61
23 25
23 5
46 4
15 50
33 32
34 48
52 52
55 34
24 12
28 57
28 59
26 14
56 36
31 55
40 18
2 49
61 19
28 7
21 46
7 4
1 15
10 21
43 34
33 11
13 9
52 56
27 26
38 1
11 39
51 19
46 35
28 10
57 8
9 16
39 48
53 1
61 49
40 40
34 52
60 26
41 30
43 49
11 50
17 36
36 61
4 59
48 30
31 35
29 32
43 2
27 4
37 50
58 42
18 26
9 36
60 8
24 4
56 33
6 42
24 11
27 43
54 18
42 45
5 34
45 18
38 48
23 58
48 20
28 55
53 13
8 3
57 27
35 20
33 53
10 49
34 18
9 56
40 1
32 25
30 21
40 53
9 37
4 27
49 22
33 50
16 52
44 47
61 21
29 60
2 48
56 10
27 54
12 61
10 16
45 35
26 44
57 21
58 17
26 11
34 29
49 11
55 18
41 56
60 22
48 19
33 31
2 46
10 23
44 26
4 1
33 1
20 30
40 4
15 1
34 42
34 51
56 43
45 4
39 7
5 28
14 43
21 55
42 41
3 4
39 60
52 32
22 21
25 18
39 18
31 12
28 51
7 2
49 25
46 29
16 5
48 6
14 59
32 5
6 40
29 12
15 60
16 37
17 16
33 59
18 46
36 46
38 61
28 49
43 57
16 10
26 53
16 18
14 16
61 58
38 59
32 56
51 7
12 58
40 30
57 59
36 19
47 43
50 53
24 52
60 37
33 17
53 17
25 52
2 42
42 3
51 46
57 61
35 51
21 44
2 36
20 35
45 21
19 18
40 2
12 10
44 5
37 35
3 24
19 17
32 55
59 12
23 17
60 27
33 47
41 4
22 19
21 15
58 46
6 28
8 44
52 59
2 58
17 56
19 56
57 12
18 27
41 24
31 24
18 11
37 52
4 47
40 25
1 5
13 44
10 35
49 39
61 34
23 16
40 54
12 3
16 12
61 51
11 52
9 42
36 53
56 21
6 55
6 51
53 50
43 36
59 60
2 34
2 57
57 56
18 48
31 44
8 25
33 58
54 42
8 18
39 2
8 56
31 47
61 53
1 14
4 5
14 38
13 3
24 53
60 53
19 41
14 20
46 58
20 37
26 38
11 9
54 47
43 7
2 50
19 25
49 53
17 59
25 17
54 33
20 50
1 12
54 41
6 37
4 61
24 29
32 46
39 26
50 41
44 52
55 36
14 14
42 52
56 58
13 47
19 31
45 29
4 24
30 19
1 32
32 15
23 18
40 9
50 35
13 16
12 12
51 44
33 14
58 36
18 31
20 2
23 9
25 41
21 22
24 54
32 42
28 60
26 20
32 37
13 61
25 43
51 6
22 51
58 45
43 11
48 55
34 49
10 34
40 49
25 4
38 16
21 45
17 38
30 60
20 6
38 30
47 25
56 41
3 17
47 16
14 33
4 52
23 22
51 9
21 58
13 41
39 4
22 31
52 9
11 36
35 40
27 15
33 15
41 19
35 53
5 20
27 59
3 1
52 29
36 11
50 47
8 43
8 32
16 36
50 59
8 8
42 23
15 38
54 59
34 14
45 52
23 34
60 18
60 32
58 30
9 13
36 17
20 58
33 25
13 36
38 38
38 43
20 9
38 55
48 44
29 21
23 49
45 20
5 61
3 34
53 51
25 56
8 51
42 39
30 45
4 11
15 31
15 56
19 3
44 37
20 34
20 11
43 23
30 20
22 25
39 30
16 29
49 33
33 4
46 52
23 2
47 35
53 55
54 17
44 16
55 22
56 46
26 13
48 3
11 54
2 51
27 2
31 58
27 22
24 47
60 17
29 6
38 9
41 44
13 46
30 47
22 60
7 51
39 31
55 51
50 61
3 2
