71
24 1
36 56
24 2
5 66
24 3
52 15
24 4
55 46
24 5
66 54
24 6
8 65
24 7
63 61
24 8
45 29
24 9
33 53
24 10
21 22
24 11
55 17
24 12
29 13
24 13
12 56
24 14
13 5
24 15
16 57
24 16
2 32
24 17
7 27
24 18
40 28
24 19
70 7
24 20
67 58
24 21
44 39
24 22
51 19
24 23
17 36
24 24
67 31
24 25
4 11
24 26
62 18
24 27
9 56
24 28
1 50
24 29
25 1
24 30
15 50
24 31
31 40
24 32
11 51
24 33
35 6
24 34
19 27
24 35
42 60
24 36
3 38
24 37
28 13
24 38
34 12
24 39
39 60
24 40
36 52
24 41
15 8
24 42
56 44
24 43
52 37
24 44
3 14
24 45
16 10
24 46
47 51
24 47
67 56
24 48
16 16
24 49
49 23
24 50
21 24
24 51
63 68
24 52
46 34
24 53
67 50
24 54
3 23
24 55
55 67
24 56
46 15
24 57
26 30
24 58
32 52
24 59
63 40
24 60
9 37
24 61
20 32
24 62
44 47
24 63
9 26
24 64
8 30
24 65
36 7
24 66
16 13
24 67
12 37
24 68
2 42
24 69
30 37
24 70
12 69
24 71
63 67
21 29
46 1
58 24
61 55
6 40
59 37
6 64
20 36
26 7
28 47
41 58
53 42
67 59
14 16
62 48
56 34
63 31
36 10
18 14
8 1
71 41
1 62
62 4
57 63
63 65
54 65
43 31
71 20
39 16
43 3
19 36
45 64
68 66
15 59
45 54
8 11
11 36
49 56
15 53
27 70
20 64
48 49
53 67
70 45
35 22
60 29
35 52
21 5
30 44
54 68
47 15
5 62
38 51
37 69
9 10
40 6
25 34
33 59
8 56
59 61
60 70
17 15
4 9
63 20
64 67
30 19
46 59
16 29
15 2
42 26
63 71
56 41
19 16
29 39
5 58
39 50
36 12
66 39
42 13
65 23
54 59
7 45
51 4
62 23
42 35
62 51
25 37
61 45
65 22
27 27
22 45
13 68
1 21
62 1
8 22
43 35
2 43
64 25
69 55
70 52
23 16
56 67
47 35
15 39
53 71
43 36
59 70
65 37
58 46
48 22
65 25
52 38
25 5
47 45
64 69
34 38
6 12
32 62
19 15
23 19
23 2
52 66
13 24
46 63
12 61
9 19
10 58
59 33
28 33
47 14
25 71
54 48
33 43
65 48
32 32
59 69
59 26
37 44
59 57
14 57
21 69
70 18
11 14
49 27
59 66
65 54
32 1
13 28
50 32
37 52
64 61
68 47
34 39
44 41
1 46
39 27
55 52
29 43
3 54
50 63
50 26
34 58
11 12
60 35
11 49
11 5
25 2
49 39
55 7
54 52
32 47
53 10
49 24
70 66
60 64
48 70
51 59
31 4
46 10
32 25
16 49
21 4
68 8
66 1
14 52
18 35
36 28
3 65
9 65
60 66
36 69
54 4
21 53
32 29
33 56
28 43
6 6
38 27
16 55
33 9
41 32
43 55
63 8
47 30
4 8
36 4
51 37
47 55
7 30
13 45
41 38
49 58
71 45
25 46
11 47
69 39
1 68
70 2
6 13
26 37
17 68
40 68
31 63
62 49
45 51
35 48
52 45
39 56
64 5
31 71
66 34
67 49
17 29
70 64
22 48
17 10
1 16
1 57
17 26
49 13
12 2
25 28
15 65
17 5
8 49
53 58
36 41
17 27
19 64
57 51
13 50
8 52
1 6
47 70
59 54
13 10
8 62
58 69
42 56
65 41
3 51
57 56
58 34
52 50
19 24
57 49
10 59
42 12
45 48
65 59
2 54
26 68
5 69
32 49
27 71
21 30
33 46
51 14
8 48
39 1
69 35
27 24
8 67
69 69
58 50
60 26
43 52
47 47
1 22
66 30
34 23
51 31
18 71
9 55
29 4
54 29
42 49
4 34
50 11
37 62
68 49
47 7
64 62
46 11
7 49
61 52
56 17
32 2
46 62
66 37
60 56
22 39
15 47
49 36
47 20
56 35
9 58
14 18
4 49
66 55
53 9
28 64
25 18
67 45
54 26
55 26
48 12
12 26
15 20
60 30
50 4
28 56
50 48
33 37
7 50
46 22
21 19
50 47
53 33
60 53
43 64
66 27
44 53
44 23
37 28
2 63
22 18
14 61
58 33
55 6
59 71
44 18
32 24
70 8
15 46
56 50
26 69
27 17
42 1
44 67
44 63
7 56
36 11
4 36
13 54
5 14
65 44
12 49
53 17
40 66
54 45
18 32
55 39
69 56
47 19
13 63
19 61
15 60
58 40
43 34
7 24
35 4
28 7
45 63
56 24
20 38
14 5
23 65
30 56
40 49
68 15
13 40
13 62
16 4
19 58
14 50
10 25
6 15
51 60
8 69
53 15
25 54
53 68
38 67
15 62
1 36
17 66
30 51
71 52
14 59
6 30
18 27
29 61
16 65
46 36
57 60
63 45
5 71
21 71
29 10
35 11
2 66
45 55
45 8
62 25
20 51
50 53
68 4
52 4
22 64
44 61
65 55
59 8
41 29
19 6
43 17
13 30
54 31
32 45
42 57
37 12
21 56
10 29
26 13
56 22
22 29
16 24
47 37
34 5
21 2
23 17
29 44
26 64
30 20
22 58
33 54
41 30
25 65
5 68
50 15
62 14
30 62
44 60
10 11
17 28
54 33
53 69
1 24
20 69
34 25
67 42
59 34
50 43
23 21
21 15
49 69
2 21
15 3
48 44
4 27
32 48
43 5
21 21
2 9
37 5
33 67
59 35
40 44
53 20
45 69
46 29
33 3
16 1
27 50
13 48
5 47
48 3
56 1
70 32
17 51
34 50
34 51
39 32
25 27
2 41
56 8
8 59
70 70
62 38
28 27
28 71
63 7
36 14
11 63
55 3
54 28
22 53
62 53
54 49
36 36
35 32
9 49
12 1
23 46
28 51
44 21
63 58
12 15
1 38
9 9
35 26
66 63
60 6
67 5
5 45
50 46
67 47
67 1
59 39
46 25
64 51
45 68
4 37
46 47
41 20
47 53
61 50
10 49
29 9
52 71
46 46
64 20
38 32
33 32
59 6
17 37
56 6
9 18
47 49
13 35
62 20
23 7
8 4
16 44
39 25
30 38
36 27
48 19
1 32
5 54
69 26
14 27
61 21
18 47
66 71
68 58
13 57
42 54
23 34
55 45
22 27
56 70
56 71
70 50
63 26
17 16
11 48
33 13
39 49
11 13
52 51
26 41
7 11
61 66
38 25
2 40
7 43
42 58
46 19
70 54
27 25
17 60
3 52
31 48
58 53
9 44
12 25
50 42
3 31
71 30
53 4
48 47
41 8
32 17
70 39
53 18
19 48
45 44
22 69
50 9
41 3
55 2
49 44
50 10
59 31
70 6
34 70
32 21
54 25
16 41
27 38
5 11
40 63
22 11
34 44
36 31
23 60
25 49
21 40
53 54
49 38
2 55
58 61
60 17
20 23
14 13
26 20
54 14
35 53
40 38
41 44
55 42
69 66
43 68
69 54
66 52
37 47
55 33
38 55
14 11
19 52
40 57
22 9
54 46
38 1
58 47
12 35
19 2
38 56
7 32
50 35
71 37
10 6
37 36
65 11
31 28
65 15
52 35
28 14
45 25
19 28
30 33
33 4
15 23
38 52
22 70
62 32
36 40
20 54
44 10
23 27
45 45
64 35
58 14
14 63
28 54
31 68
3 69
3 48
45 3
15 54
56 18
64 60
18 22
8 33
17 17
61 6
44 51
18 52
70 56
13 14
40 59
65 26
47 71
56 66
62 59
68 65
45 22
33 1
35 66
71 65
53 21
64 58
8 41
52 14
36 68
68 71
52 19
55 16
31 15
8 19
11 39
64 8
2 2
4 13
66 23
5 52
61 44
14 40
43 7
25 64
41 11
69 7
14 1
29 35
8 34
12 22
26 15
20 22
3 67
21 10
1 12
54 10
27 16
9 62
36 24
44 36
41 31
31 29
14 6
13 41
57 2
2 25
52 30
55 23
14 15
15 28
42 16
3 44
52 12
57 21
54 34
37 38
43 45
32 23
41 35
55 25
15 49
34 61
55 69
7 70
46 26
34 37
23 41
26 14
62 26
51 18
42 29
49 37
3 34
47 2
25 59
61 34
54 58
33 52
47 65
49 47
70 24
44 54
4 39
2 17
25 16
52 8
3 3
32 26
22 3
61 67
70 28
63 36
5 36
18 23
56 56
6 63
58 71
66 66
20 53
53 12
52 59
31 64
8 46
6 55
13 21
7 52
46 14
21 48
33 40
67 7
37 39
25 33
10 36
61 5
40 32
53 64
19 39
39 63
71 42
33 16
18 3
21 44
57 25
2 68
68 13
68 19
57 48
50 58
34 64
41 21
35 71
44 3
7 10
49 45
25 23
61 14
15 6
15 16
58 29
58 11
18 4
46 45
67 20
53 51
64 40
27 31
18 41
19 25
46 50
51 62
8 7
12 11
23 5
15 15
71 57
13 60
7 13
35 40
28 52
45 42
58 22
7 66
68 46
56 3
56 31
25 62
42 27
68 11
51 69
25 25
19 13
45 41
56 26
55 66
25 58
22 1
38 45
55 57
66 5
20 8
4 21
23 71
20 60
71 53
16 39
57 13
30 27
63 43
46 4
53 11
60 23
29 46
32 59
68 64
16 17
71 26
27 9
1 28
13 56
2 70
19 3
46 61
13 17
39 39
38 71
14 23
44 1
36 26
55 43
1 9
71 36
46 49
68 50
37 60
7 51
17 47
58 13
33 45
20 57
44 11
18 55
18 16
14 49
25 52
57 61
20 33
58 66
53 40
19 56
1 14
51 46
11 1
41 14
45 70
25 36
12 63
4 3
1 67
21 3
17 48
36 57
57 36
6 34
39 61
42 67
50 71
50 23
35 67
29 50
22 7
41 37
36 3
23 8
49 10
2 33
57 4
6 3
33 22
31 61
28 32
33 34
64 16
27 54
2 7
45 71
54 47
22 66
28 22
9 2
15 22
35 27
41 63
16 63
40 1
2 56
41 71
56 10
15 25
38 16
14 39
28 8
68 54
33 17
66 24
70 9
17 61
63 55
57 58
19 18
19 69
71 69
12 66
67 69
23 6
25 22
56 43
66 61
12 42
32 12
61 28
27 32
62 57
21 52
7 9
40 48
20 40
28 62
65 62
55 40
18 12
61 19
44 12
20 41
31 67
37 68
22 42
70 35
33 69
17 44
22 65
64 71
28 50
47 29
66 29
43 39
55 71
60 43
50 55
5 33
55 62
60 62
28 58
29 34
63 6
2 5
16 33
22 56
47 52
55 22
10 28
58 58
69 43
50 45
7 61
45 20
58 57
49 32
9 57
31 54
44 16
9 29
31 22
1 48
11 71
64 28
48 36
61 42
5 59
39 5
22 40
71 18
16 14
17 19
11 3
25 14
60 42
25 15
63 56
65 10
53 35
52 58
64 52
54 3
59 56
38 61
45 26
10 20
62 12
46 33
20 13
70 25
40 12
6 56
33 61
17 45
34 1
3 37
30 2
49 62
50 12
19 49
23 45
28 42
4 62
36 30
10 56
2 57
67 66
53 60
22 46
58 48
31 58
31 41
29 28
50 28
41 46
48 48
69 5
21 63
18 66
68 61
10 61
56 51
50 16
55 36
35 55
23 56
18 24
40 52
36 43
1 43
42 51
15 26
32 11
64 44
51 3
3 62
39 28
12 32
48 57
58 59
29 52
63 18
27 6
32 33
6 29
8 35
31 60
50 14
53 14
61 48
13 37
26 66
44 50
54 63
16 51
38 22
25 7
9 67
4 42
52 26
7 48
32 22
66 16
52 2
28 60
26 40
65 40
36 49
5 4
11 33
3 49
49 55
32 41
4 44
53 19
37 2
9 14
34 65
69 4
14 9
47 50
45 18
23 30
48 30
11 42
54 20
18 31
51 27
70 31
14 68
14 42
32 15
5 70
61 15
11 40
58 15
49 42
17 43
54 70
43 65
57 37
67 68
2 18
71 4
65 18
17 62
34 32
52 17
45 58
28 67
36 17
38 20
46 24
21 70
3 39
19 68
36 13
32 3
62 44
47 16
9 27
32 5
34 16
62 16
42 36
14 51
69 58
36 25
8 54
9 6
62 40
60 67
16 69
42 10
6 2
66 40
58 18
67 23
26 63
45 15
51 53
14 38
61 24
23 18
33 18
14 45
52 34
38 28
46 30
29 18
46 37
26 2
46 60
66 8
1 11
2 46
58 7
53 31
47 60
69 11
66 47
40 46
59 23
11 2
57 59
27 47
62 30
29 25
45 57
63 60
22 19
9 64
28 66
30 34
34 68
47 1
52 36
25 9
38 7
30 5
58 1
38 17
40 67
67 63
1 8
10 46
37 70
26 36
70 33
33 15
4 32
61 8
36 16
71 32
23 57
42 7
34 60
64 11
58 36
16 40
40 34
11 57
20 43
49 30
22 17
50 27
28 26
64 27
18 34
55 31
23 11
29 47
42 41
21 61
31 65
35 8
50 59
62 56
23 47
67 12
68 37
26 22
18 7
60 69
50 8
37 9
31 43
8 29
4 57
44 37
46 39
19 14
30 3
19 31
44 58
59 60
61 27
36 34
47 48
33 60
41 48
47 12
29 6
53 65
61 65
14 3
60 32
11 45
70 51
9 54
32 58
67 41
25 66
1 7
1 47
14 60
70 38
22 41
67 39
40 22
35 15
51 70
51 41
38 10
53 23
3 28
49 3
56 30
27 28
27 53
59 52
57 30
26 28
66 59
10 54
1 10
50 66
61 38
61 35
47 58
9 30
15 37
29 24
52 52
49 25
10 66
60 14
28 25
41 22
70 22
61 57
30 66
71 62
69 52
32 40
35 19
25 43
58 44
26 23
16 30
70 68
28 63
31 42
11 27
32 6
64 31
21 8
6 20
60 37
62 62
46 3
70 57
51 49
12 68
9 46
2 10
26 19
64 4
71 21
35 18
53 44
31 70
35 57
8 45
66 48
70 20
37 64
39 53
43 58
64 45
13 58
41 57
68 38
69 13
31 23
29 57
50 62
25 48
25 40
41 10
36 42
31 30
66 20
35 54
2 35
33 7
58 28
36 19
70 34
62 58
39 40
68 21
1 1
66 25
66 56
61 62
7 7
35 43
65 27
41 34
21 47
34 9
23 70
11 11
8 53
56 46
8 25
43 43
19 19
1 60
34 47
28 20
18 11
58 39
1 58
35 28
45 12
6 32
14 54
27 56
10 33
8 18
27 18
51 2
42 48
46 55
54 2
42 44
3 36
63 50
44 49
39 38
65 68
9 33
68 63
5 49
35 68
23 55
16 70
23 35
7 36
18 45
33 50
27 14
31 66
60 51
68 6
61 58
59 67
4 68
12 45
9 61
63 16
10 2
42 30
54 44
55 28
30 6
23 66
11 35
50 41
64 23
2 61
57 28
66 15
56 55
56 69
37 29
64 47
5 5
61 29
67 15
11 43
12 53
32 64
4 51
34 21
33 58
50 57
52 47
17 63
54 71
64 14
18 2
10 68
32 18
48 33
31 13
71 1
49 35
25 68
22 57
39 62
5 25
8 55
3 50
33 47
20 50
10 22
35 33
44 15
19 21
12 21
69 64
43 9
49 43
18 42
55 51
23 36
44 40
9 1
49 31
35 17
8 5
19 10
36 54
34 52
11 50
60 48
2 30
67 17
36 32
64 50
5 32
62 39
12 18
46 41
20 29
17 3
37 53
13 3
68 20
51 15
29 16
29 66
68 12
9 50
56 28
20 2
26 16
6 71
49 71
49 57
60 13
56 33
70 71
18 57
62 54
47 67
36 15
4 22
40 58
1 65
31 25
2 3
9 8
22 12
21 12
68 17
8 8
27 2
29 49
31 31
44 56
23 42
45 52
16 36
30 17
11 15
31 1
68 29
13 27
41 55
10 5
25 8
38 40
41 25
48 28
50 36
31 11
22 30
22 34
45 65
15 45
42 50
46 16
62 68
29 29
40 13
11 62
15 27
31 17
21 28
1 59
16 11
30 10
20 34
14 53
20 12
57 24
67 2
53 66
2 23
21 16
18 1
22 68
44 32
9 48
52 16
5 30
4 52
3 19
28 17
5 13
53 41
49 54
52 20
60 38
63 59
31 56
44 59
52 57
54 16
48 25
4 58
51 7
17 24
20 31
22 2
32 13
39 24
26 26
21 9
47 59
3 21
29 71
38 19
2 22
63 49
42 37
27 26
44 70
17 67
65 70
10 42
37 33
31 55
2 20
65 45
13 38
10 10
26 59
54 35
17 65
50 7
67 28
22 43
51 56
59 7
50 52
37 23
52 49
26 45
37 16
38 48
5 6
10 39
54 56
60 25
63 10
69 20
6 5
1 49
65 6
61 26
28 53
43 40
1 42
37 54
13 12
68 30
51 39
66 43
45 59
61 36
23 62
50 13
65 8
9 17
66 31
27 52
20 59
62 3
27 1
11 67
36 58
59 40
38 66
40 15
41 26
38 68
52 33
39 36
31 26
1 40
42 46
51 57
42 69
22 37
42 63
66 32
48 64
10 32
47 33
58 56
20 20
4 71
65 43
1 13
23 67
66 10
23 4
43 28
51 64
16 8
61 47
16 23
57 32
40 35
28 39
43 16
48 60
35 70
49 8
14 58
26 12
10 26
65 63
34 6
62 11
56 36
62 55
57 67
68 31
62 21
69 3
21 60
13 15
12 24
4 38
14 35
35 45
29 20
47 22
61 53
61 17
19 62
6 10
4 40
50 19
15 19
71 50
65 9
20 71
12 52
32 10
44 52
31 12
8 47
4 41
44 24
11 38
64 54
19 23
19 30
36 65
26 62
45 46
50 68
30 9
50 24
57 66
17 25
44 6
44 8
28 46
16 19
2 53
65 38
19 63
2 58
46 31
26 29
28 30
17 39
21 33
41 51
57 68
31 69
25 24
54 19
43 21
9 34
57 53
12 12
15 61
70 36
64 9
37 27
65 33
44 28
9 36
34 46
19 9
67 57
44 55
63 23
57 22
47 24
27 48
54 41
17 42
30 60
61 3
30 42
50 29
27 37
64 33
18 37
28 19
62 64
35 44
22 62
48 17
2 29
19 67
67 62
40 18
17 31
5 1
58 4
5 67
58 10
68 34
51 17
37 42
23 51
68 44
56 53
10 12
49 19
64 15
6 38
33 14
48 18
3 58
53 61
13 23
31 53
27 51
17 49
20 17
57 20
11 7
3 18
44 35
25 4
30 50
46 8
22 63
49 21
49 34
20 37
49 64
18 13
50 20
13 39
47 13
45 5
33 39
50 37
48 15
12 27
49 29
32 70
71 44
42 39
8 14
40 4
48 45
64 10
20 49
41 33
8 27
27 60
67 70
30 1
68 59
61 10
3 46
8 42
50 17
48 71
9 39
41 7
50 40
56 2
47 4
70 48
7 37
66 45
71 16
19 37
56 52
63 5
36 9
44 57
40 3
70 61
51 20
70 26
47 40
27 64
5 37
6 47
69 50
11 44
31 9
1 35
6 22
30 11
43 41
10 70
59 42
4 25
40 11
18 25
52 65
69 61
1 63
51 8
21 46
68 69
13 44
19 26
45 53
11 60
19 65
19 17
31 7
9 21
15 4
37 11
33 35
68 70
43 37
57 19
57 12
60 33
11 25
32 16
58 68
20 56
27 34
70 59
43 46
60 9
5 26
71 60
26 1
11 58
2 6
51 71
14 67
60 15
10 15
16 35
19 66
17 71
66 42
63 39
15 35
23 54
70 58
4 31
30 14
31 8
22 28
11 52
5 57
48 43
31 5
13 34
19 51
61 63
59 51
71 9
1 33
58 38
26 47
41 2
48 55
8 44
55 4
17 9
48 5
55 10
42 20
5 9
38 2
6 1
12 60
44 19
32 37
64 59
12 36
69 27
63 3
27 3
9 13
46 23
57 33
34 31
27 20
49 59
17 57
55 49
8 2
53 29
35 13
40 61
3 66
29 53
5 64
46 51
17 50
34 4
43 48
16 12
10 35
45 49
38 64
35 23
49 48
42 22
32 36
19 60
17 20
66 3
19 12
18 58
29 15
64 13
58 25
34 45
42 2
46 32
71 48
29 63
61 16
39 66
38 38
7 38
59 12
12 40
68 57
65 64
38 65
36 23
5 35
22 54
11 6
38 41
10 38
69 12
3 68
31 33
68 7
35 63
26 8
70 43
54 15
70 15
37 10
67 71
20 68
50 18
25 56
20 63
46 52
52 5
62 50
64 32
69 24
43 24
6 67
51 33
67 8
61 59
26 60
68 48
6 23
8 15
47 26
53 46
34 71
8 71
34 66
48 40
57 62
52 61
17 54
10 45
71 29
55 30
29 3
59 22
1 56
50 5
64 37
63 66
27 15
60 50
17 41
21 38
59 36
64 66
16 27
64 68
5 2
44 7
16 66
55 38
35 12
32 9
12 28
4 29
46 12
54 38
46 43
51 6
16 7
63 38
60 22
27 12
39 2
62 60
3 20
28 21
13 2
50 33
60 55
18 5
5 63
63 44
26 9
50 44
54 12
58 20
9 70
16 62
9 23
44 62
7 39
53 22
9 68
58 21
35 34
67 14
43 66
38 44
61 25
69 63
10 41
36 55
43 8
36 1
68 14
52 25
19 47
41 69
3 41
42 47
28 36
4 69
54 7
5 38
13 13
40 36
51 48
48 56
65 39
33 30
40 39
10 3
12 34
15 71
1 18
59 19
45 34
69 44
42 23
43 10
43 25
23 28
19 55
47 36
68 26
55 50
53 70
18 56
61 4
36 50
71 34
31 49
13 51
60 60
8 12
12 6
48 16
35 1
7 67
19 50
71 33
37 26
46 38
40 54
34 42
54 6
40 26
55 53
16 54
51 40
15 18
5 27
20 26
52 7
18 21
30 53
57 42
57 50
56 64
50 25
29 7
14 64
60 61
9 25
69 14
70 19
14 56
64 17
10 40
29 21
47 5
48 63
15 5
7 18
22 13
43 51
66 18
38 15
1 23
26 25
65 14
54 27
22 22
35 42
34 19
22 8
25 39
1 70
60 52
17 23
42 32
18 8
29 5
6 51
12 64
71 51
5 48
54 40
15 51
68 45
1 2
52 13
4 54
28 37
65 61
34 24
1 25
34 27
9 35
42 24
9 5
25 6
37 14
64 48
51 32
45 17
34 49
55 15
15 7
35 49
58 35
69 49
16 67
16 47
15 1
14 55
2 37
37 67
6 17
37 65
69 18
57 1
39 43
59 64
41 39
62 17
21 7
10 31
63 25
30 18
16 45
55 12
70 49
7 54
68 3
3 16
51 23
54 42
61 60
60 28
66 2
12 9
22 61
47 43
28 57
32 8
48 20
15 67
57 9
30 12
68 35
26 56
20 19
56 21
13 4
4 28
14 66
13 67
26 58
62 45
53 32
35 5
46 71
52 32
70 53
37 30
69 46
63 54
43 6
1 19
17 4
49 50
66 14
48 21
27 59
36 63
39 68
6 52
64 41
6 58
55 9
20 46
40 25
17 33
23 20
63 70
22 36
6 61
37 24
11 55
39 23
4 48
57 54
54 53
63 41
15 55
46 21
14 44
23 68
1 71
33 65
19 43
51 22
6 24
55 65
44 31
29 27
45 7
13 29
31 38
46 48
42 9
6 11
14 19
10 50
62 27
25 70
67 46
52 21
52 56
49 33
4 45
34 17
38 63
70 67
47 9
13 20
33 66
48 69
42 17
11 30
67 29
28 59
3 12
69 2
34 29
22 21
10 69
63 1
51 28
1 27
67 61
57 16
1 54
14 32
3 15
52 70
34 59
7 8
43 42
2 50
25 3
37 57
70 41
71 43
68 43
61 51
62 19
28 18
3 5
7 68
38 70
41 53
71 59
33 19
25 61
7 69
48 10
64 26
54 37
8 6
47 21
67 26
68 25
19 35
41 4
38 33
9 53
63 64
52 40
59 30
42 71
29 1
3 70
71 46
41 24
67 25
63 69
34 28
41 66
10 51
1 3
62 69
12 16
54 36
48 9
45 11
39 67
49 2
4 7
7 58
34 48
21 55
69 45
57 26
38 31
30 4
68 39
37 6
25 38
56 54
15 13
8 26
47 8
7 6
38 13
15 52
43 49
26 33
48 27
64 2
5 56
31 24
39 20
15 40
71 10
13 11
58 31
37 1
36 38
29 8
56 38
30 8
36 67
41 43
50 65
62 61
19 4
50 38
27 44
39 18
30 39
55 55
33 41
38 26
69 10
70 30
59 62
33 23
44 65
56 23
71 11
39 12
59 3
53 2
54 30
4 63
45 37
33 8
58 3
62 6
8 60
7 33
12 23
52 60
66 38
62 15
69 70
67 10
66 53
23 38
59 1
38 62
43 14
3 17
66 64
52 48
33 12
48 24
35 65
39 59
28 4
39 47
67 9
21 31
32 65
43 54
16 71
19 11
69 28
18 43
26 39
2 65
22 4
49 4
26 51
3 30
25 35
54 23
29 41
37 40
66 7
37 15
9 38
25 12
60 44
46 18
27 5
32 20
9 59
10 53
23 33
65 28
42 6
55 29
26 53
35 2
27 57
6 60
21 49
31 6
57 71
1 64
34 20
47 57
31 50
43 4
27 30
9 69
4 6
34 35
31 34
8 32
16 56
35 56
28 41
44 34
39 10
28 40
15 30
4 2
45 35
54 24
64 39
9 43
35 46
63 19
64 36
12 47
27 45
51 30
22 14
17 59
64 42
7 25
46 64
60 36
29 32
51 25
5 29
59 13
17 55
20 58
37 55
31 16
57 69
40 70
28 61
65 3
52 46
41 12
55 32
68 1
23 10
40 2
61 23
65 53
71 23
52 18
70 44
55 68
8 13
37 71
4 67
45 14
27 62
37 43
10 57
58 37
43 30
43 19
67 52
49 65
52 1
28 70
3 56
14 47
7 20
20 39
46 6
22 38
64 55
21 42
64 7
44 71
71 19
39 58
16 22
26 52
52 68
52 3
4 47
52 64
47 6
40 24
4 17
34 11
21 13
59 63
1 26
67 3
33 64
60 58
2 4
13 43
27 11
12 71
14 7
5 41
35 30
16 2
13 32
29 54
21 68
31 21
3 1
22 20
23 63
43 56
36 45
19 32
21 43
27 58
62 10
55 27
32 4
28 2
51 35
60 71
45 1
1 29
50 39
22 55
12 50
49 17
16 5
47 68
39 37
11 23
9 28
38 21
59 25
10 37
49 20
3 42
71 71
36 44
37 34
35 25
43 69
23 64
21 17
50 69
38 57
4 15
32 50
28 69
59 11
20 18
69 47
5 39
29 2
12 17
27 23
48 1
33 62
35 10
14 29
71 64
25 51
5 3
40 41
69 57
67 19
42 43
15 9
15 66
10 60
13 31
47 3
54 62
14 36
35 62
25 20
7 22
41 67
21 6
69 32
6 9
18 30
26 21
48 59
22 16
15 57
52 10
4 4
41 56
54 9
59 4
2 1
57 64
5 16
60 10
46 42
68 33
30 31
29 38
25 19
27 29
20 66
3 33
52 63
13 8
69 38
25 26
64 43
19 34
35 16
9 3
2 45
61 18
50 70
15 24
14 37
29 58
43 50
41 17
7 28
9 32
68 68
69 17
59 28
14 43
68 36
3 71
61 1
50 21
47 18
63 14
26 67
3 27
16 48
23 12
54 8
25 41
18 69
55 44
2 36
27 65
41 49
70 27
23 48
65 42
51 54
28 68
11 41
50 50
48 29
25 21
17 52
69 21
58 6
2 26
18 29
65 67
42 25
18 61
4 18
21 54
21 50
21 58
6 19
34 8
60 41
26 50
40 9
53 7
18 6
42 19
69 48
53 52
38 30
37 4
8 57
38 42
4 19
68 55
50 22
35 41
57 3
67 24
60 57
32 38
65 46
67 36
29 26
16 20
65 57
41 15
49 28
57 70
52 28
18 20
58 5
54 57
60 12
14 10
4 23
62 37
33 11
7 63
42 21
43 13
32 56
29 64
28 35
30 25
38 39
34 14
63 11
6 16
20 14
17 2
66 28
27 10
10 13
49 60
48 38
20 24
52 62
71 3
64 22
66 62
49 68
71 58
63 17
64 46
54 39
11 10
40 51
56 47
47 10
62 31
45 38
32 28
69 65
57 15
11 16
51 58
12 7
2 28
12 29
18 19
54 66
18 15
41 41
22 67
21 66
58 26
2 60
56 14
10 9
11 26
5 23
30 55
33 38
13 55
33 51
59 9
65 32
63 12
7 1
32 44
27 46
60 40
39 64
64 57
43 18
55 5
41 13
6 26
65 51
41 45
68 41
28 45
41 28
10 55
10 47
12 44
2 19
4 64
59 15
25 53
51 34
22 31
46 40
28 15
30 59
54 51
46 67
4 55
47 31
18 36
56 4
13 22
11 46
39 48
65 1
42 3
20 42
48 34
48 37
62 28
8 51
16 46
17 22
30 64
39 57
53 47
51 43
39 17
37 37
16 6
43 70
19 54
27 33
30 29
45 30
28 5
58 70
16 43
28 44
41 42
60 47
61 71
39 6
32 55
6 70
11 56
8 9
71 27
9 7
69 34
16 26
53 63
57 45
31 10
11 4
29 17
9 51
1 61
40 37
30 68
4 61
69 33
48 54
13 33
26 3
15 17
20 52
11 24
16 9
14 33
8 36
21 26
9 45
57 7
65 66
10 7
54 32
42 70
7 26
12 4
4 56
34 53
37 66
48 26
19 29
5 44
60 39
42 15
7 31
16 31
60 1
4 50
62 33
67 55
22 59
34 3
42 31
44 44
29 48
32 46
61 12
13 6
51 50
66 35
5 17
4 1
21 25
59 18
13 9
35 21
34 69
18 17
62 22
5 12
8 38
41 54
46 27
16 18
2 51
27 8
13 19
39 26
60 21
58 30
46 9
10 34
71 35
45 9
60 59
66 22
3 61
49 66
14 25
10 23
5 34
17 46
50 54
31 44
62 13
29 31
54 21
15 41
21 23
21 11
67 40
32 61
52 31
54 69
28 65
46 56
56 42
34 55
34 36
35 38
69 51
51 36
7 53
63 35
30 52
33 28
57 5
6 8
66 12
27 55
9 71
7 12
3 64
70 13
64 6
14 20
51 67
47 64
40 43
26 44
6 31
17 40
36 51
12 54
18 53
13 70
27 43
65 60
57 57
65 19
41 61
11 28
8 31
53 56
46 17
40 56
44 33
11 66
60 8
16 68
7 44
59 55
13 47
11 53
63 46
30 41
10 63
21 32
56 25
41 70
35 60
13 52
42 14
39 14
53 53
59 16
6 41
64 24
37 56
2 59
51 52
30 67
39 13
3 59
25 47
40 31
17 14
14 12
7 17
36 22
27 7
55 59
37 35
19 20
17 1
38 12
31 14
23 14
41 62
4 43
21 59
48 2
45 4
30 46
5 8
29 51
35 36
43 67
21 51
51 45
63 2
18 46
63 33
2 49
71 15
71 8
38 37
57 27
69 8
68 62
57 65
30 47
70 23
25 69
33 24
45 39
39 3
33 31
36 39
54 50
37 3
40 40
40 42
6 36
41 64
29 68
17 38
36 18
39 15
15 38
40 16
40 64
62 7
67 38
8 23
39 9
19 1
68 40
49 61
69 16
11 70
66 49
18 49
12 30
30 26
20 7
65 71
26 4
59 21
5 22
55 60
43 20
47 23
70 63
2 31
53 34
57 55
60 19
44 26
29 36
3 13
45 50
64 38
21 37
70 4
21 67
37 49
62 24
1 66
20 55
20 67
10 1
33 26
41 9
7 65
4 12
70 62
57 47
38 24
56 62
9 41
25 50
6 65
15 14
43 12
66 70
59 20
38 49
56 59
6 68
27 22
66 44
49 51
52 67
32 39
13 7
4 66
13 59
9 24
66 19
55 61
32 60
40 21
5 40
30 40
5 18
48 35
1 45
64 53
68 9
27 42
19 53
62 29
63 42
48 53
70 5
35 9
36 37
21 35
1 37
67 65
52 43
6 37
21 45
12 5
58 60
15 33
4 30
20 61
49 5
61 64
53 30
71 24
8 37
39 46
67 37
34 43
34 10
17 8
51 38
12 46
31 2
17 69
50 30
45 56
70 3
18 18
65 31
20 30
15 64
42 68
37 20
26 5
65 2
38 53
32 30
25 31
44 20
43 44
62 42
14 71
37 63
8 61
51 12
2 11
70 40
42 65
51 9
17 21
64 21
15 36
50 51
63 53
66 9
71 7
35 64
32 51
43 11
50 6
50 64
32 7
56 19
9 60
29 67
59 43
6 53
22 25
65 34
69 36
55 35
49 52
1 30
65 36
22 15
45 47
16 34
34 33
9 47
26 18
70 46
54 43
12 51
2 38
40 5
40 62
56 68
32 57
48 39
17 32
61 70
48 50
32 43
62 36
59 29
67 53
36 8
5 51
44 9
45 33
46 53
38 11
8 64
20 27
65 5
48 6
69 67
25 42
53 36
61 56
35 61
70 47
38 35
30 35
50 56
63 21
68 52
51 26
51 55
66 4
15 31
3 26
13 53
39 71
16 42
18 10
63 28
63 48
2 47
20 45
22 33
33 10
64 65
47 28
57 38
32 34
52 9
18 39
9 63
49 18
14 21
12 70
44 14
55 58
16 59
50 31
57 43
31 59
37 7
23 37
43 33
44 68
39 21
62 67
20 1
70 69
31 52
52 22
67 44
12 3
57 10
44 27
56 57
7 3
21 62
14 28
42 52
58 51
47 63
25 17
12 20
39 33
38 9
25 11
36 64
54 1
42 34
26 54
33 55
28 55
6 33
58 67
3 35
17 53
45 27
36 33
71 31
5 55
41 50
22 52
36 46
23 44
16 61
18 50
14 2
3 40
18 26
30 21
39 70
35 24
69 30
36 48
30 30
49 22
36 62
6 21
53 27
41 19
35 3
34 26
51 13
28 1
11 31
33 33
53 59
50 34
53 16
7 42
7 46
65 30
58 55
58 49
70 14
31 32
67 64
59 58
31 36
45 32
2 34
56 32
43 60
18 48
8 68
52 44
36 47
19 57
46 70
5 7
10 44
4 46
31 37
42 11
18 33
63 32
19 40
12 57
37 46
52 42
62 35
65 7
51 44
3 55
53 49
69 68
25 60
54 11
9 11
26 11
22 32
59 49
47 25
30 36
62 5
3 32
47 61
16 37
43 63
39 11
7 41
21 41
5 19
68 2
44 64
14 24
12 33
33 21
45 2
44 30
68 23
58 19
30 69
11 17
6 39
28 24
47 11
11 65
54 55
51 29
53 3
27 36
4 33
33 49
11 8
29 62
71 55
6 7
60 46
25 45
57 18
39 55
25 10
7 64
62 47
43 59
48 46
71 66
54 17
57 17
23 29
67 32
13 69
45 61
2 27
6 49
66 67
43 15
71 49
36 35
54 67
14 46
63 13
66 51
70 11
36 59
37 17
19 41
70 12
48 41
31 51
69 53
52 29
71 39
4 16
18 28
18 64
13 18
71 61
35 37
45 21
57 39
60 65
8 63
6 25
1 20
60 7
56 12
71 13
31 27
53 37
8 28
28 29
17 34
66 26
48 67
36 66
7 16
61 13
4 53
4 65
12 55
63 27
47 62
21 18
53 28
2 71
18 62
5 61
43 29
45 16
71 12
44 2
23 59
1 41
68 56
45 60
10 27
53 6
60 5
11 37
4 26
12 48
16 38
45 40
38 69
45 66
68 5
39 52
44 38
21 36
62 34
37 48
62 2
3 57
10 43
30 49
2 67
7 59
63 52
31 45
30 24
39 8
2 13
56 9
20 44
59 45
14 8
61 37
32 63
42 42
3 22
55 14
58 23
30 48
6 69
59 32
3 11
5 42
44 13
9 52
67 34
65 35
6 50
29 37
37 58
55 41
40 47
53 57
59 24
67 51
46 13
45 43
19 42
51 61
59 5
70 60
70 10
18 54
29 14
1 39
46 7
66 69
60 3
61 61
8 50
29 11
16 58
16 28
17 13
49 40
32 27
52 53
8 17
67 54
38 58
27 68
43 26
58 9
51 24
23 3
29 56
17 64
55 18
30 57
40 33
31 39
59 53
10 8
34 41
70 1
48 11
69 19
55 56
42 18
22 71
27 40
5 10
2 48
53 48
66 11
17 56
15 48
71 56
12 59
68 10
3 25
12 38
69 40
33 63
30 63
6 4
26 31
48 31
2 14
25 30
30 45
52 6
63 62
11 22
53 26
65 56
43 57
7 55
4 59
66 57
69 9
58 17
4 14
31 47
9 22
17 7
69 29
63 24
40 19
19 45
41 1
60 2
14 34
25 63
62 71
48 23
12 39
34 34
39 44
35 59
48 4
29 22
1 44
56 29
50 1
48 14
58 16
56 11
5 21
13 66
23 32
27 67
48 32
34 62
12 65
7 47
61 49
33 6
4 20
61 33
53 43
37 32
23 13
26 57
43 23
30 71
26 49
69 37
15 43
43 71
10 4
15 32
3 4
48 66
71 17
65 17
7 62
23 9
57 6
29 70
71 2
19 70
63 51
68 16
11 19
39 65
2 52
51 42
27 21
51 11
71 70
68 67
38 34
56 39
32 71
28 10
27 41
21 1
61 2
33 25
64 18
3 45
20 4
28 16
61 31
60 4
17 30
14 31
1 69
23 15
41 23
6 18
63 37
50 3
64 12
9 42
68 28
35 50
31 57
22 35
39 31
7 14
2 12
56 7
13 61
12 14
15 63
44 69
18 59
50 67
42 55
36 2
64 63
2 62
56 60
29 33
34 13
38 8
51 63
68 27
49 63
35 14
45 24
64 49
59 27
49 41
1 53
58 32
45 62
65 65
42 8
8 10
30 28
30 65
12 10
54 64
7 40
6 54
36 60
36 61
13 65
40 14
32 54
28 31
58 62
59 44
31 20
67 67
57 46
8 66
39 29
4 35
34 7
22 5
49 67
61 22
11 21
56 15
40 53
26 71
67 18
56 37
71 47
26 10
9 15
17 11
49 49
3 8
69 25
23 43
21 39
55 64
38 47
65 50
21 64
28 23
23 24
55 54
28 49
37 13
58 12
32 68
59 68
5 24
14 22
22 24
67 21
1 51
20 28
56 13
51 1
11 18
53 62
15 29
37 22
34 18
30 70
46 44
29 59
47 34
9 4
27 66
48 7
67 33
43 32
62 41
5 46
10 19
52 55
61 54
65 47
45 19
15 42
49 26
12 41
31 46
48 13
15 56
63 22
66 21
3 60
39 54
67 6
41 60
47 41
45 13
21 57
12 13
28 9
22 60
21 34
8 21
67 35
44 29
30 22
35 47
22 10
64 34
8 24
13 16
3 9
39 34
31 35
40 17
48 8
16 60
49 12
6 59
16 50
43 61
5 15
10 21
49 46
16 52
66 17
65 58
40 20
63 34
41 36
65 12
23 52
55 21
61 46
20 15
46 2
20 6
25 29
6 45
6 28
29 30
71 54
11 59
34 56
13 49
48 58
59 47
15 11
37 50
23 61
47 44
2 8
37 21
59 48
17 6
18 44
27 63
15 12
63 63
39 19
70 17
61 7
38 59
9 66
29 19
43 27
19 22
63 4
51 5
12 62
12 43
7 5
55 1
20 3
3 43
62 66
56 40
67 43
19 46
50 2
37 45
6 48
61 20
21 14
25 57
6 62
42 4
71 6
30 32
54 13
27 4
40 69
32 14
23 50
46 35
67 22
55 13
55 34
19 38
60 24
17 35
1 34
50 61
2 39
52 27
48 52
42 38
69 59
69 23
28 38
22 51
59 14
66 36
64 3
64 56
40 50
51 51
37 59
4 5
23 31
66 46
36 29
33 27
47 42
56 45
20 25
30 13
47 69
71 25
53 13
61 39
13 42
55 24
26 55
21 65
71 14
3 53
47 66
16 21
3 6
33 42
34 30
15 58
46 28
48 42
58 8
14 62
15 68
19 71
33 48
55 48
69 31
33 57
40 45
41 16
8 20
53 1
31 18
59 41
1 31
12 58
68 60
26 65
34 2
46 68
57 40
60 18
55 47
42 45
47 32
47 46
12 8
53 39
29 12
60 27
52 23
49 7
35 20
42 33
59 50
60 63
27 61
59 38
44 43
65 21
1 15
39 4
40 8
57 11
55 11
5 43
46 66
65 20
39 45
53 8
70 21
14 4
41 68
2 16
49 53
37 41
40 60
11 34
67 16
44 17
43 53
33 2
69 15
47 27
6 27
70 16
64 19
44 42
7 23
65 13
60 45
3 63
13 26
40 7
18 63
19 44
42 62
26 46
44 48
26 43
35 29
53 55
41 47
71 63
51 65
20 62
5 20
6 42
62 70
55 70
50 60
28 28
6 44
42 59
36 70
40 29
13 64
20 11
16 53
23 69
67 4
5 31
71 38
42 40
55 63
29 69
49 70
65 69
52 54
6 43
7 34
63 9
5 28
71 28
26 70
14 70
66 13
66 41
37 51
12 31
9 31
33 44
17 12
32 67
39 69
58 42
8 40
54 18
7 19
27 49
8 58
57 8
41 6
26 27
39 41
9 16
61 9
62 9
18 38
1 5
37 8
14 69
19 7
39 51
6 46
48 68
20 5
8 43
47 39
41 27
13 36
44 5
13 71
34 15
20 35
61 40
10 52
32 69
49 6
69 1
7 21
61 32
3 2
33 20
10 67
11 69
27 69
52 41
7 71
38 5
23 23
43 1
27 13
47 54
63 30
46 54
64 64
38 14
34 40
26 42
16 25
32 42
62 43
10 24
61 69
62 8
65 52
35 58
43 38
28 11
62 46
23 25
57 44
46 58
5 65
9 12
6 35
26 24
69 22
70 65
44 46
11 68
58 54
38 3
38 4
3 24
51 66
18 9
8 16
44 66
22 6
67 48
61 43
31 3
32 66
5 53
47 17
59 10
38 54
56 5
35 39
23 53
34 63
38 43
15 44
41 59
25 55
48 65
7 2
31 19
23 58
19 5
52 24
10 16
8 39
28 34
40 65
30 23
26 35
38 60
20 16
16 15
14 30
61 68
17 70
63 29
58 63
66 50
3 7
28 6
37 61
37 18
6 66
5 60
67 13
65 16
36 21
2 15
70 42
55 19
42 64
52 69
39 22
60 54
8 3
57 23
15 21
7 57
7 29
4 60
30 43
47 38
45 31
29 40
58 27
23 22
7 35
29 55
36 20
45 28
11 54
52 39
26 6
44 4
22 50
71 68
23 40
52 11
42 28
61 11
58 43
29 42
54 61
68 18
11 29
42 53
26 32
65 49
1 4
20 9
54 22
57 52
66 60
34 22
57 29
64 29
61 41
10 30
71 22
36 53
53 5
68 51
10 14
27 35
58 41
41 65
64 70
39 42
63 57
51 21
62 52
31 62
3 47
40 55
22 23
22 26
11 32
53 50
49 16
20 65
26 38
55 20
53 45
53 25
29 65
35 69
25 32
41 5
34 57
2 24
58 64
71 5
29 23
41 52
36 6
60 34
47 56
64 30
11 61
16 64
40 27
63 47
28 48
32 35
34 67
3 10
25 44
48 51
37 31
69 62
48 61
17 58
22 49
69 60
68 22
49 15
57 31
34 54
51 47
1 17
54 60
19 59
44 45
45 36
39 35
33 36
40 10
29 60
51 68
43 22
14 14
44 25
28 3
57 41
28 12
33 70
68 42
66 65
53 24
70 55
37 19
13 1
15 69
46 65
38 18
18 51
20 10
38 36
69 6
18 70
10 71
16 3
49 14
22 44
18 60
13 25
45 67
21 20
39 7
7 60
12 67
7 4
36 71
27 19
11 64
38 46
71 67
20 21
32 31
55 37
7 15
30 54
58 45
10 18
4 24
41 18
33 68
56 65
51 10
33 71
35 35
38 23
46 69
58 52
43 62
2 44
56 48
67 60
59 17
36 5
27 39
23 1
53 38
62 63
65 29
41 40
54 54
26 17
56 16
56 49
66 6
14 65
39 30
40 71
14 41
58 65
25 13
69 42
49 11
11 20
14 17
62 65
6 57
19 33
45 10
64 1
10 48
11 9
17 18
32 19
67 27
35 7
10 17
9 20
35 31
5 50
26 48
58 2
13 46
18 65
30 7
4 70
15 10
6 14
59 46
46 5
4 10
40 30
23 49
60 16
59 65
30 16
57 14
66 68
49 1
68 24
67 11
14 48
33 29
18 40
66 33
23 26
45 6
2 64
32 53
61 30
18 68
50 49
22 47
60 31
55 8
29 45
69 41
38 29
68 32
65 24
8 70
44 22
59 59
46 20
70 29
38 6
66 58
57 34
3 29
20 47
60 20
38 50
60 11
42 66
56 61
60 49
48 62
20 70
63 15
18 67
2 69
37 25
10 65
56 63
49 9
30 61
67 30
19 8
71 40
59 2
56 58
20 48
12 19
45 23
14 26
21 27
42 5
46 57
51 16
70 37
69 71
56 27
1 55
56 20
26 61
33 5
26 34
42 61
54 5
23 39
57 35
30 15
60 68
15 70
43 2
30 58
40 23
10 62
68 53
10 64
65 4
16 32
43 47
15 34
1 52
35 51
9 40
25 67
